1.558428382873535156e+01 2.125324440002441406e+01
1.526360702514648438e+01 1.335087680816650391e+01
3.137591552734375000e+01 3.622169494628906250e+00
-5.241478919982910156e+00 3.288433837890625000e+01
2.693137168884277344e+01 -2.440202331542968750e+01
3.326626968383789062e+01 6.015448093414306641e+00
-3.891312408447265625e+01 4.440492093563079834e-01
-6.701182842254638672e+00 -2.852076911926269531e+01
3.148106384277343750e+01 -2.216481590270996094e+01
1.978990364074707031e+01 -3.006204986572265625e+01
2.361311531066894531e+01 -2.846261024475097656e+01
2.568775558471679688e+01 -2.483503150939941406e+01
3.749900054931640625e+01 -6.816728115081787109e+00
1.898318672180175781e+01 1.429415035247802734e+01
2.162733078002929688e+01 1.067351913452148438e+01
-1.566244220733642578e+01 3.075943183898925781e+01
9.539381980895996094e+00 2.855399703979492188e+01
-4.577600097656250000e+01 7.709698081016540527e-01
-2.818750000000000000e+01 -5.547382354736328125e+00
1.536952209472656250e+01 1.956402969360351562e+01
1.410071468353271484e+01 2.385600662231445312e+01
8.271359443664550781e+00 2.564999389648437500e+01
1.897163581848144531e+01 1.333946800231933594e+01
-4.094634628295898438e+01 2.632270812988281250e+00
2.606436729431152344e+01 1.382582759857177734e+01
2.735922050476074219e+01 -2.334394645690917969e+01
3.217387008666992188e+01 -1.613603401184082031e+01
-1.348805236816406250e+01 -1.420190525054931641e+01
-1.310533332824707031e+01 -2.451272392272949219e+01
3.362487792968750000e+01 -1.564646911621093750e+01
2.424533653259277344e+01 -2.618198394775390625e+01
-4.045957565307617188e+01 -3.792264699935913086e+00
-2.840214729309082031e+00 2.714835929870605469e+01
7.188025951385498047e+00 2.633048057556152344e+01
2.166574859619140625e+01 1.394418430328369141e+01
3.711489486694335938e+01 -1.481395912170410156e+01
-1.652569580078125000e+01 -2.104800605773925781e+01
8.784523963928222656e+00 2.764916038513183594e+01
-5.563634872436523438e+01 5.733218669891357422e+00
2.814875411987304688e+01 5.269839763641357422e+00
-2.484942054748535156e+01 -1.269003868103027344e+01
1.232258319854736328e+01 -3.231171035766601562e+01
3.203666687011718750e+01 -1.194319963455200195e+00
-2.994482803344726562e+01 -7.958714485168457031e+00
-4.242045211791992188e+01 1.393405079841613770e+00
-2.288051223754882812e+01 -9.861351013183593750e+00
3.002698516845703125e+01 5.120949745178222656e+00
-1.644386672973632812e+01 -2.165648841857910156e+01
-1.518725681304931641e+01 -2.198780632019042969e+01
-1.011752033233642578e+01 2.806391906738281250e+01
1.406782531738281250e+01 1.877963829040527344e+01
-5.066583633422851562e+00 -2.562851715087890625e+01
-2.002879858016967773e+00 -3.127600288391113281e+01
6.892001628875732422e+00 -3.097847938537597656e+01
2.703746604919433594e+01 8.298894882202148438e+00
-4.882128524780273438e+01 4.288737773895263672e+00
-8.693171501159667969e+00 3.330684280395507812e+01
-2.479450416564941406e+01 2.838437461853027344e+01
2.099430847167968750e+01 9.602906227111816406e+00
-2.379265403747558594e+01 -1.292527008056640625e+01
-2.863866996765136719e+01 -2.368389129638671875e+00
1.004121780395507812e+01 2.786085319519042969e+01
-2.280577850341796875e+01 -1.584497451782226562e+01
2.077647781372070312e+01 1.742598152160644531e+01
2.955482101440429688e+01 5.787540912628173828e+00
2.969698143005371094e+01 -2.010685157775878906e+01
3.245539093017578125e+01 -1.041118049621582031e+01
-1.998864936828613281e+01 3.278261184692382812e+01
-5.044903182983398438e+01 3.020441770553588867e+00
2.977101135253906250e+01 1.680807352066040039e+00
3.488651657104492188e+01 -1.365146160125732422e+01
1.258332443237304688e+01 -3.146311378479003906e+01
3.293495178222656250e+01 -1.628881454467773438e+01
-4.850647735595703125e+01 1.413411736488342285e+00
-2.569910621643066406e+01 -3.986203670501708984e+00
-2.102989578247070312e+01 3.047431945800781250e+01
1.205204010009765625e+01 -3.191495704650878906e+01
-3.814680337905883789e+00 3.174017715454101562e+01
3.688485336303710938e+01 -7.344958782196044922e+00
-3.149119949340820312e+01 -9.359356880187988281e+00
-9.150684356689453125e+00 -2.382898521423339844e+01
-1.313258361816406250e+01 -2.385618591308593750e+01
-1.132488536834716797e+01 -1.957254409790039062e+01
3.263854980468750000e+01 -4.755465388298034668e-01
2.856590461730957031e+01 8.675705909729003906e+00
3.442629623413085938e+01 -1.349169635772705078e+01
-4.408399963378906250e+01 2.022481441497802734e+00
1.108462142944335938e+01 2.427508544921875000e+01
-2.725160598754882812e+01 2.942927551269531250e+01
1.899140930175781250e+01 -2.987781143188476562e+01
-1.668441891670227051e-01 2.677167892456054688e+01
2.890714836120605469e+01 -2.328275299072265625e+01
-3.291326141357421875e+01 -1.096324205398559570e+00
1.888055419921875000e+01 1.813396835327148438e+01
2.674982833862304688e+01 1.178376483917236328e+01
-4.927087783813476562e+01 2.624335527420043945e+00
3.357405853271484375e+01 -1.670544052124023438e+01
-2.409156560897827148e+00 -2.960146331787109375e+01
-5.324991226196289062e+01 5.374349117279052734e+00
1.503442192077636719e+01 2.507036018371582031e+01
7.119542121887207031e+00 2.591916465759277344e+01
3.469284057617187500e+01 -6.898037433624267578e+00
-2.049702072143554688e+01 -1.396197223663330078e+01
-1.037761592864990234e+01 -2.691343498229980469e+01
2.654538917541503906e+01 1.469417285919189453e+01
2.912630271911621094e+01 6.956977367401123047e+00
2.647177886962890625e+01 1.458073234558105469e+01
-3.024691820144653320e+00 2.616720008850097656e+01
-1.476413631439208984e+01 -1.849956130981445312e+01
-5.179085731506347656e+00 3.144168090820312500e+01
9.454781532287597656e+00 -3.231991577148437500e+01
2.714702606201171875e+01 1.386123085021972656e+01
3.447914886474609375e+01 -1.319177532196044922e+01
1.649094963073730469e+01 2.030186271667480469e+01
-2.540280532836914062e+01 -4.602220058441162109e+00
-4.735860824584960938e+01 4.338052272796630859e+00
-4.999671554565429688e+01 5.914459228515625000e+00
-1.269474697113037109e+01 -2.051112556457519531e+01
1.544844913482666016e+01 1.908480644226074219e+01
3.251921463012695312e+01 -6.788810729980468750e+00
3.339983367919921875e+01 -1.491929912567138672e+01
-5.920097827911376953e+00 -2.531757736206054688e+01
2.596562767028808594e+01 1.166282844543457031e+01
-4.011138916015625000e+01 -3.270856380462646484e+00
4.063314437866210938e+00 -2.876192283630371094e+01
-3.592247009277343750e+01 -8.304732322692871094e+00
-4.657599639892578125e+01 2.953868150711059570e+00
2.233050537109375000e+01 1.251681423187255859e+01
-3.969459915161132812e+01 -7.243524193763732910e-01
4.744832992553710938e+00 2.889259147644042969e+01
1.656635284423828125e+01 2.390599441528320312e+01
-2.619857215881347656e+01 -1.092143440246582031e+01
1.951354980468750000e+01 -2.911182212829589844e+01
9.453517913818359375e+00 -3.232058715820312500e+01
4.531887054443359375e+00 -2.956205368041992188e+01
-1.067873764038085938e+01 -2.000237464904785156e+01
-1.103322887420654297e+01 2.798950386047363281e+01
1.453566193580627441e+00 2.634689331054687500e+01
-2.523689270019531250e+01 -4.115762710571289062e+00
2.518922042846679688e+01 -2.705802345275878906e+01
2.920937156677246094e+01 -2.569254493713378906e+01
4.403011798858642578e+00 -3.168069648742675781e+01
3.264805221557617188e+01 1.931182861328125000e+00
-6.026363849639892578e+00 -2.261725044250488281e+01
-2.844768333435058594e+01 -2.294737100601196289e+00
-3.281743621826171875e+01 -1.146866679191589355e+00
3.169539833068847656e+01 -1.460754680633544922e+01
1.824554443359375000e+01 2.261315917968750000e+01
-1.011335849761962891e+01 -1.982639122009277344e+01
8.033878326416015625e+00 -3.257603073120117188e+01
-5.292937278747558594e+00 -2.376711273193359375e+01
3.594443130493164062e+01 -8.708150863647460938e+00
-3.280643081665039062e+01 -1.386804461479187012e+00
-1.724166107177734375e+01 2.784742736816406250e+01
2.508894538879394531e+01 -2.709393692016601562e+01
-2.147127914428710938e+01 -1.698668861389160156e+01
8.588738441467285156e+00 2.405318069458007812e+01
-1.371690845489501953e+01 3.429897689819335938e+01
-5.925053596496582031e+00 -2.439626884460449219e+01
-1.136542510986328125e+01 -1.854987144470214844e+01
-2.886289978027343750e+01 -5.914126396179199219e+00
3.297586441040039062e+01 5.219420433044433594e+00
2.973160171508789062e+01 7.567110538482666016e+00
5.101115703582763672e+00 2.403299331665039062e+01
-1.714172935485839844e+01 3.133197784423828125e+01
-1.996866989135742188e+01 2.951526641845703125e+01
1.344936847686767578e+01 1.932098579406738281e+01
3.146163558959960938e+01 2.979716777801513672e+00
1.217010593414306641e+01 1.863815879821777344e+01
-2.868918991088867188e+01 -8.821459770202636719e+00
-2.447917556762695312e+01 -8.130699157714843750e+00
2.813858222961425781e+01 -2.148260498046875000e+01
-4.149838924407958984e+00 3.163841056823730469e+01
-3.417320632934570312e+01 -6.457571983337402344e+00
3.616834640502929688e+01 -1.724722099304199219e+01
-2.376038169860839844e+01 -1.420251941680908203e+01
-3.447388410568237305e+00 -2.864744377136230469e+01
1.636798501014709473e+00 2.881571388244628906e+01
3.448137664794921875e+01 -1.436869049072265625e+01
1.479187011718750000e+01 2.226558685302734375e+01
-4.242138671875000000e+01 3.443286180496215820e+00
1.220190238952636719e+01 1.452372169494628906e+01
-1.283490276336669922e+01 2.869390106201171875e+01
-4.137688827514648438e+01 5.427969098091125488e-01
-8.052645683288574219e+00 -2.648349380493164062e+01
-9.549426078796386719e+00 3.428469848632812500e+01
-4.848960494995117188e+01 1.881398439407348633e+00
1.438224220275878906e+01 1.387866497039794922e+01
-2.207820892333984375e+01 -1.000041770935058594e+01
2.653510856628417969e+01 1.090348529815673828e+01
2.237449836730957031e+01 1.367446613311767578e+01
-3.259617567062377930e+00 3.367738342285156250e+01
-2.608601570129394531e+01 -1.521621513366699219e+01
8.326915740966796875e+00 -3.246906280517578125e+01
-2.972932243347167969e+01 -8.435216903686523438e+00
9.211280822753906250e+00 -3.143132591247558594e+01
1.380113697052001953e+01 1.369273662567138672e+01
3.406010818481445312e+01 3.223863601684570312e+00
-2.582547569274902344e+01 3.161737632751464844e+01
2.709927558898925781e+01 -2.359007835388183594e+01
2.595257186889648438e+01 1.531756114959716797e+01
-5.476781845092773438e+01 5.382296562194824219e+00
2.831681442260742188e+01 7.851536273956298828e+00
-4.158567047119140625e+01 9.499999880790710449e-01
-2.330424499511718750e+01 2.998200225830078125e+01
-2.185681343078613281e+00 3.299599456787109375e+01
-2.509121513366699219e+01 -1.000904369354248047e+01
-2.607478618621826172e+00 -2.942747879028320312e+01
6.158542633056640625e+00 2.554283332824707031e+01
2.059163475036621094e+01 -2.944858169555664062e+01
-7.584928989410400391e+00 2.906797027587890625e+01
1.834378814697265625e+01 -2.976942443847656250e+01
3.551024627685546875e+01 1.828920722007751465e+00
-3.380080795288085938e+01 -7.954238891601562500e+00
2.368574142456054688e+01 9.752817153930664062e+00
2.170758056640625000e+01 -3.131154632568359375e+01
-4.862836360931396484e+00 2.597026634216308594e+01
1.445676326751708984e+01 -3.184862709045410156e+01
3.162670135498046875e+01 -1.525809860229492188e+01
-1.491138076782226562e+01 -2.292945289611816406e+01
-3.129767417907714844e+01 -4.816278934478759766e+00
-7.802079916000366211e-01 3.253915405273437500e+01
-1.878282546997070312e+01 -1.604376029968261719e+01
2.133497238159179688e+00 -3.036534881591796875e+01
1.754396820068359375e+01 2.173368263244628906e+01
1.304905319213867188e+01 2.251595306396484375e+01
-2.588160324096679688e+01 2.946420669555664062e+01
-1.350674533843994141e+01 -1.774029159545898438e+01
2.138751792907714844e+01 1.406463718414306641e+01
-8.824295997619628906e+00 -2.816641998291015625e+01
4.937578678131103516e+00 -2.997013282775878906e+01
-7.054165840148925781e+00 3.403491592407226562e+01
-2.462722587585449219e+01 -1.365353679656982422e+01
-4.055718421936035156e+00 3.338042449951171875e+01
-2.780759239196777344e+01 -8.580476760864257812e+00
-4.192484283447265625e+01 2.242408990859985352e+00
-3.230733871459960938e+01 -8.671419143676757812e+00
-3.993042373657226562e+01 -3.698052406311035156e+00
3.776645660400390625e+01 -6.590099334716796875e+00
-2.956687164306640625e+01 -7.215732336044311523e-01
-6.354825496673583984e+00 -2.461424064636230469e+01
-5.504515075683593750e+01 4.916176319122314453e+00
-1.251990890502929688e+01 -2.098154830932617188e+01
-2.480097770690917969e+01 -3.840723037719726562e+00
3.351926040649414062e+01 -9.467426300048828125e+00
2.673829841613769531e+01 -2.606688880920410156e+01
3.462606811523437500e+01 -5.094325542449951172e+00
-4.788219070434570312e+01 1.589962244033813477e+00
-8.840739250183105469e+00 3.187819671630859375e+01
-1.884675621986389160e+00 3.307144546508789062e+01
1.485813999176025391e+01 1.422400379180908203e+01
-1.484646797180175781e+01 3.226373291015625000e+01
3.015834808349609375e+01 3.932556152343750000e+00
-2.502081871032714844e+01 2.896450996398925781e+01
3.128263092041015625e+01 5.341970443725585938e+00
1.188265532255172729e-01 2.463998031616210938e+01
3.488279724121093750e+01 -1.686130523681640625e+01
-3.818076324462890625e+01 -3.566063642501831055e+00
3.087099266052246094e+01 1.247381940484046936e-01
-2.535318756103515625e+01 2.985362434387207031e+01
-2.126476860046386719e+01 3.229874801635742188e+01
-3.189146804809570312e+01 -6.873496532440185547e+00
3.231424713134765625e+01 -6.027621746063232422e+00
3.178470802307128906e+01 6.300002098083496094e+00
7.250874042510986328e+00 -3.158345603942871094e+01
-2.850051498413085938e+01 -7.671675205230712891e+00
-4.053435897827148438e+01 -3.750470638275146484e+00
9.647772789001464844e+00 -3.063748168945312500e+01
6.740155696868896484e+00 -3.065340805053710938e+01
-4.457538604736328125e+01 3.507161617279052734e+00
2.268714714050292969e+01 -2.797273635864257812e+01
2.008661079406738281e+01 -2.891473197937011719e+01
-1.319818782806396484e+01 2.898804283142089844e+01
-4.051694393157958984e+00 -2.563494682312011719e+01
3.364668655395507812e+01 -1.911394309997558594e+01
-5.171401214599609375e+01 4.538020610809326172e+00
2.115056610107421875e+01 -2.888682174682617188e+01
1.068072319030761719e+01 1.515753173828125000e+01
6.481722354888916016e+00 2.448160552978515625e+01
-1.549834060668945312e+01 -1.349874019622802734e+01
2.021069908142089844e+01 -2.998165893554687500e+01
-3.449044799804687500e+01 -3.441879749298095703e+00
1.170331287384033203e+01 1.510254669189453125e+01
-2.390417861938476562e+01 -1.608295822143554688e+01
3.282054519653320312e+01 -8.910436630249023438e+00
3.342116928100585938e+01 -1.059799790382385254e+00
-8.978465080261230469e+00 -2.469985008239746094e+01
-1.185778903961181641e+01 -2.496179199218750000e+01
1.720558357238769531e+01 2.470919227600097656e+01
3.161689949035644531e+01 2.427384376525878906e+00
-3.235031127929687500e+00 2.428928756713867188e+01
-1.410075855255126953e+01 3.254474639892578125e+01
-5.608615875244140625e+01 6.071364402770996094e+00
2.876425743103027344e+01 -2.111921691894531250e+01
-4.477141380310058594e+00 2.765274429321289062e+01
1.884573745727539062e+01 2.090572357177734375e+01
1.485988855361938477e+00 2.379237365722656250e+01
-1.318046188354492188e+01 2.845055580139160156e+01
-1.525898361206054688e+01 -1.931710243225097656e+01
-5.527125835418701172e+00 -2.765328407287597656e+01
3.307319641113281250e+01 -8.525723457336425781e+00
-4.084020614624023438e+01 -2.198957681655883789e+00
3.621749877929687500e+01 -8.140374183654785156e+00
-1.644184875488281250e+01 -2.138286399841308594e+01
3.586241912841796875e+01 -1.715758895874023438e+01
1.495640754699707031e+01 -3.107940673828125000e+01
-3.345768356323242188e+01 -4.200747013092041016e+00
-1.622494888305664062e+01 -2.027873229980468750e+01
-7.472918033599853516e-01 -3.136589050292968750e+01
3.024789619445800781e+01 -2.023252868652343750e+01
-1.090572071075439453e+01 -1.803273963928222656e+01
1.883177995681762695e+00 -2.982482337951660156e+01
-5.462549591064453125e+01 5.024335384368896484e+00
9.859048843383789062e+00 -3.123056602478027344e+01
-2.167731094360351562e+01 2.831488990783691406e+01
2.041547012329101562e+01 1.665436172485351562e+01
-2.305858612060546875e+01 -1.011569786071777344e+01
3.216518402099609375e+01 -1.910812759399414062e+01
-4.738566398620605469e+00 -2.570964241027832031e+01
-4.714226531982421875e+01 1.416836023330688477e+00
-9.387597441673278809e-01 2.926394081115722656e+01
2.789118194580078125e+01 9.836969375610351562e+00
1.557414531707763672e+01 2.013878631591796875e+01
3.686862564086914062e+01 -5.987275600433349609e+00
-2.387532997131347656e+01 -1.002716064453125000e+01
2.072423934936523438e+01 1.544030761718750000e+01
-8.154407501220703125e+00 -2.853625297546386719e+01
-2.832055282592773438e+01 -9.186324119567871094e+00
1.956996917724609375e+01 -3.037065696716308594e+01
-1.719800567626953125e+01 -1.669524765014648438e+01
-2.521983718872070312e+01 -6.541850090026855469e+00
-2.239604568481445312e+01 -1.352290058135986328e+01
-4.169058990478515625e+01 2.892425537109375000e+00
4.210782051086425781e+00 2.930194091796875000e+01
2.732315826416015625e+01 -2.496073722839355469e+01
-2.545064449310302734e+00 2.666945838928222656e+01
3.407694244384765625e+01 -6.177800178527832031e+00
-1.257722091674804688e+01 2.778123855590820312e+01
1.037900090217590332e+00 2.450014305114746094e+01
-2.275579071044921875e+01 -1.122392272949218750e+01
3.128948974609375000e+01 7.118478775024414062e+00
3.201393127441406250e+01 -1.118528079986572266e+01
-2.899194002151489258e+00 2.564268112182617188e+01
1.206128978729248047e+01 1.489199161529541016e+01
-3.833932638168334961e+00 -2.791161537170410156e+01
-4.853078079223632812e+01 2.494187355041503906e+00
3.310350799560546875e+01 -9.593099355697631836e-01
2.289419746398925781e+01 9.684344291687011719e+00
5.919291019439697266e+00 2.263902473449707031e+01
-1.067488384246826172e+01 3.436754608154296875e+01
-2.331879234313964844e+01 -1.697846603393554688e+01
1.852790451049804688e+01 2.197372817993164062e+01
-4.186529922485351562e+01 -3.553911447525024414e+00
-3.348110437393188477e+00 3.076516532897949219e+01
2.761339569091796875e+01 1.301878547668457031e+01
-2.569633483886718750e+01 -2.920247077941894531e+00
-8.039004325866699219e+00 -2.419525337219238281e+01
7.208008289337158203e+00 2.480494880676269531e+01
1.336652660369873047e+01 -3.175198173522949219e+01
-2.036025619506835938e+01 3.273853302001953125e+01
1.035245609283447266e+01 -3.172594261169433594e+01
3.493653106689453125e+01 -5.732477188110351562e+00
2.468581199645996094e+00 -2.974820709228515625e+01
3.566621017456054688e+01 1.333936333656311035e+00
-2.278562736511230469e+01 2.974098396301269531e+01
8.592736244201660156e+00 2.815465354919433594e+01
5.515461444854736328e+00 2.780576324462890625e+01
-6.180284500122070312e+00 -2.399680709838867188e+01
-3.568034362792968750e+01 -6.729211330413818359e+00
-3.244235610961914062e+01 -5.143024921417236328e+00
3.448977279663085938e+01 1.949443221092224121e+00
-1.074654579162597656e+01 -2.552756881713867188e+01
3.225764465332031250e+01 -2.185846710205078125e+01
1.400897789001464844e+01 1.311403465270996094e+01
3.256470870971679688e+01 -1.763767719268798828e+00
2.165420532226562500e+00 2.906092262268066406e+01
7.179360866546630859e+00 2.774509239196777344e+01
-1.500034809112548828e+01 -1.580573368072509766e+01
1.939683341979980469e+01 2.330846977233886719e+01
1.136478137969970703e+01 -3.201105880737304688e+01
-2.986590576171875000e+01 -7.874397754669189453e+00
-3.286612701416015625e+01 -9.688600540161132812e+00
2.065752410888671875e+01 2.305178070068359375e+01
3.459261703491210938e+01 -7.652220249176025391e+00
-1.963754081726074219e+01 -1.491977691650390625e+01
2.434066390991210938e+01 -2.617502784729003906e+01
-4.081031799316406250e+01 7.390406131744384766e-01
2.516095161437988281e+01 -2.654805946350097656e+01
-3.708535003662109375e+01 -4.394381999969482422e+00
9.574057579040527344e+00 2.924832725524902344e+01
-2.783111572265625000e+01 -8.124780654907226562e+00
1.639234352111816406e+01 2.506562805175781250e+01
-3.824297332763671875e+01 -4.092017173767089844e+00
-7.553794384002685547e+00 2.880516624450683594e+01
-2.465564727783203125e+00 3.270549774169921875e+01
-5.623589324951171875e+01 6.178915500640869141e+00
1.775118255615234375e+01 2.054593849182128906e+01
2.994007492065429688e+01 6.905718326568603516e+00
3.169620513916015625e+01 -2.365109443664550781e+01
-1.417403697967529297e+01 3.399733734130859375e+01
3.296581268310546875e+01 1.169438838958740234e+00
-2.639246559143066406e+01 -5.056676387786865234e+00
-2.776510238647460938e+01 -7.299785137176513672e+00
2.669043922424316406e+01 -2.519645500183105469e+01
-6.518544197082519531e+00 2.869720649719238281e+01
-3.244224929809570312e+01 -5.143129348754882812e+00
-1.849918937683105469e+01 3.253020858764648438e+01
-7.424087047576904297e+00 3.227355194091796875e+01
-4.810932159423828125e+01 4.353244781494140625e+00
2.121530723571777344e+01 1.204411983489990234e+01
-3.355683135986328125e+01 -8.183888435363769531e+00
3.326353454589843750e+01 -1.750164222717285156e+01
-1.375401973724365234e+01 2.855579757690429688e+01
-4.143155288696289062e+01 -2.701067924499511719e+00
3.349044799804687500e+00 -3.102303314208984375e+01
-4.788722991943359375e+00 3.170872688293457031e+01
-3.963767623901367188e+01 -1.270982861518859863e+00
2.781794738769531250e+01 -2.422634696960449219e+01
2.334724426269531250e+01 -2.746810722351074219e+01
-5.520800018310546875e+01 5.209658622741699219e+00
8.527587890625000000e+00 2.308190155029296875e+01
-2.544716262817382812e+01 -1.354808616638183594e+01
2.741169738769531250e+01 8.874962806701660156e+00
-2.291942405700683594e+01 2.880260086059570312e+01
6.308937549591064453e+00 2.611318778991699219e+01
-3.136712074279785156e+01 -8.223351478576660156e+00
-4.563463973999023438e+01 1.447977662086486816e+00
-6.794590950012207031e+00 -2.774172019958496094e+01
-3.971739053726196289e+00 3.029949188232421875e+01
-2.343120765686035156e+01 2.944858360290527344e+01
-2.454325485229492188e+01 3.077399444580078125e+01
3.049829864501953125e+01 6.692189693450927734e+00
-2.519557952880859375e+01 -8.327121734619140625e+00
-2.473681640625000000e+01 -4.102150917053222656e+00
1.112537097930908203e+01 -3.226329803466796875e+01
-3.967415237426757812e+01 8.796918392181396484e-02
-1.123275566101074219e+01 2.682451248168945312e+01
1.534033715724945068e-01 -2.883353996276855469e+01
-1.069238090515136719e+01 -2.077747726440429688e+01
-4.360563278198242188e+00 -2.887673568725585938e+01
1.562434673309326172e+01 1.934925842285156250e+01
3.347049951553344727e+00 2.809080314636230469e+01
-1.510486841201782227e+00 -2.931799888610839844e+01
-5.129802703857421875e+01 5.225631237030029297e+00
8.980312347412109375e+00 2.688007926940917969e+01
-2.864408683776855469e+01 -7.756919860839843750e+00
-3.578177452087402344e+00 -3.014245223999023438e+01
-2.954685211181640625e+01 -6.376063823699951172e-01
2.768824768066406250e+01 4.017755508422851562e+00
1.355000019073486328e+01 1.472323036193847656e+01
3.663376998901367188e+01 -9.846526145935058594e+00
1.277547931671142578e+01 1.428986835479736328e+01
1.592503929138183594e+01 1.352403545379638672e+01
5.258352756500244141e+00 2.854277610778808594e+01
-3.625217437744140625e+01 -7.390044212341308594e+00
3.041369056701660156e+01 -2.174422454833984375e+01
3.405632400512695312e+01 5.356707572937011719e+00
-2.917081260681152344e+01 -6.836631298065185547e+00
1.631735801696777344e+01 2.272791290283203125e+01
3.566250228881835938e+01 -9.389736175537109375e+00
-1.677699279785156250e+01 -1.438262653350830078e+01
1.196326732635498047e+01 2.567500877380371094e+01
1.418370151519775391e+01 2.047853469848632812e+01
-4.869073867797851562e+00 3.515334320068359375e+01
4.148964405059814453e+00 -3.065031623840332031e+01
3.678510284423828125e+01 -3.555982828140258789e+00
-5.280729770660400391e+00 3.338250350952148438e+01
-5.352906799316406250e+01 4.419466495513916016e+00
5.562495708465576172e+00 2.210391998291015625e+01
4.695156097412109375e+00 2.572921752929687500e+01
-1.765022277832031250e+01 3.326587677001953125e+01
1.781076240539550781e+01 1.348379707336425781e+01
2.845734214782714844e+01 1.125239086151123047e+01
-1.927988052368164062e+01 -1.499516773223876953e+01
-4.518976211547851562e+00 2.562993240356445312e+01
-4.900212860107421875e+01 2.133789062500000000e+00
1.020645523071289062e+01 -3.123562049865722656e+01
-4.084866714477539062e+01 -1.194821834564208984e+00
3.247837066650390625e+01 6.752221584320068359e+00
1.052265453338623047e+01 2.357106781005859375e+01
8.248688697814941406e+00 2.920855903625488281e+01
2.697772789001464844e+01 -2.501135826110839844e+01
-8.894843101501464844e+00 -2.542240715026855469e+01
8.049085617065429688e+00 2.761727142333984375e+01
-3.818667602539062500e+01 -4.530975341796875000e+00
1.819223022460937500e+01 1.780887794494628906e+01
6.296188354492187500e+00 -3.144318580627441406e+01
-3.530352020263671875e+01 -5.725149631500244141e+00
-1.485158443450927734e+01 3.012179183959960938e+01
3.189755439758300781e+01 5.643173217773437500e+00
2.131242752075195312e+00 2.343253135681152344e+01
-3.428395462036132812e+01 -4.693074703216552734e+00
1.501987552642822266e+01 2.419717979431152344e+01
-2.004471588134765625e+01 2.894951629638671875e+01
-2.087965965270996094e+01 -1.643731307983398438e+01
2.981681442260742188e+01 9.739375114440917969e+00
1.739297676086425781e+01 2.273907279968261719e+01
-1.658368110656738281e+01 3.188659858703613281e+01
-4.882175445556640625e+01 4.288680553436279297e+00
-1.985069274902343750e+01 -1.480639076232910156e+01
-9.390559196472167969e+00 -2.431080818176269531e+01
-4.307487487792968750e+01 2.152741909027099609e+00
-4.479323577880859375e+01 2.047054290771484375e+00
1.226491832733154297e+01 2.471766090393066406e+01
-5.670909881591796875e+00 2.944787597656250000e+01
-1.033163356781005859e+01 -2.553721237182617188e+01
1.173594188690185547e+01 2.465021705627441406e+01
3.565297317504882812e+01 -1.577443027496337891e+01
-1.019898319244384766e+01 3.165757942199707031e+01
2.640350532531738281e+01 1.165419292449951172e+01
-1.232642173767089844e+01 -1.890525436401367188e+01
6.764585971832275391e+00 -3.308091354370117188e+01
-4.187332630157470703e+00 -2.438165473937988281e+01
-1.754045104980468750e+01 -1.457838630676269531e+01
2.862362861633300781e+01 1.353576946258544922e+01
-7.788059234619140625e+00 2.900194740295410156e+01
-3.125774574279785156e+01 -9.785252571105957031e+00
1.396880054473876953e+01 -3.162491416931152344e+01
3.450975799560546875e+01 -1.257098484039306641e+01
-1.575309944152832031e+01 3.016105270385742188e+01
3.145743942260742188e+01 -1.950849914550781250e+01
-5.119996261596679688e+01 4.319820880889892578e+00
2.863277435302734375e+01 1.102226638793945312e+01
-3.022807121276855469e+00 3.244782638549804688e+01
-1.009027481079101562e+01 2.968562889099121094e+01
9.450313568115234375e+00 2.694065284729003906e+01
8.001850128173828125e+00 2.814229583740234375e+01
2.015837478637695312e+01 -3.089198303222656250e+01
2.876987266540527344e+01 1.778598904609680176e+00
2.951697158813476562e+01 -2.453613853454589844e+01
3.390564727783203125e+01 2.299541234970092773e+00
3.260865783691406250e+01 -1.618608283996582031e+01
2.159047317504882812e+01 -2.985495948791503906e+01
-3.120800018310546875e+01 -7.283827781677246094e+00
1.702565383911132812e+01 1.912725257873535156e+01
-5.337498855590820312e+01 5.036607265472412109e+00
-9.063362121582031250e+00 3.458876037597656250e+01
2.381468963623046875e+01 -2.677537918090820312e+01
8.464087486267089844e+00 -3.087825965881347656e+01
-4.287951660156250000e+01 2.736101388931274414e+00
-4.593280029296875000e+01 3.638434648513793945e+00
-1.747995185852050781e+01 -2.045866966247558594e+01
1.828290939331054688e+01 -3.028118705749511719e+01
-2.713047409057617188e+01 3.004515075683593750e+01
-2.156412506103515625e+01 2.976799392700195312e+01
-1.093226623535156250e+01 -2.218395042419433594e+01
2.564406776428222656e+01 1.070046043395996094e+01
-4.784323501586914062e+01 2.468023300170898438e+00
3.033380508422851562e+01 -1.778159379959106445e+00
-1.677681350708007812e+01 -1.438278675079345703e+01
-2.052749824523925781e+01 3.209486389160156250e+01
-1.755272293090820312e+01 -1.598001670837402344e+01
-1.734787344932556152e+00 2.648282241821289062e+01
-1.517930221557617188e+01 -1.865954971313476562e+01
3.687757492065429688e+01 -5.493803977966308594e+00
-5.924700736999511719e+00 -2.843650436401367188e+01
2.357243347167968750e+01 -2.762179946899414062e+01
-6.926893711090087891e+00 -2.541409111022949219e+01
-3.593830871582031250e+01 -4.655266284942626953e+00
-5.046780586242675781e+00 -2.516007041931152344e+01
3.535812377929687500e+01 -1.342185783386230469e+01
-3.557882830500602722e-02 2.656636428833007812e+01
-4.140598773956298828e+00 2.670405006408691406e+01
2.507073020935058594e+01 1.535128211975097656e+01
2.054056549072265625e+01 1.444603252410888672e+01
1.924592208862304688e+01 -3.090107727050781250e+01
6.110779285430908203e+00 2.126294708251953125e+01
-7.832941055297851562e+00 3.206588745117187500e+01
2.004462718963623047e+00 2.612281799316406250e+01
-3.086275577545166016e+00 -3.080248260498046875e+01
-1.344985485076904297e+01 -1.920324516296386719e+01
-1.534478855133056641e+01 -1.341978168487548828e+01
-7.733840942382812500e+00 3.064451599121093750e+01
-1.293717384338378906e+01 -1.981700134277343750e+01
2.584879112243652344e+01 -2.686806297302246094e+01
-3.227789306640625000e+01 -1.105883884429931641e+01
2.639389038085937500e+01 -2.532431793212890625e+01
1.579244613647460938e+01 2.270052719116210938e+01
-3.990187454223632812e+01 6.126089692115783691e-01
3.318470382690429688e+01 -1.880532073974609375e+01
3.042722702026367188e+01 -2.313978195190429688e+01
-2.252335357666015625e+01 -1.810895538330078125e+01
2.168274688720703125e+01 1.180192089080810547e+01
-9.690796852111816406e+00 3.119935607910156250e+01
-8.702285766601562500e+00 3.402171325683593750e+01
3.493642425537109375e+01 2.367698907852172852e+00
-2.366145324707031250e+01 2.863143730163574219e+01
1.709881186485290527e+00 -2.915874290466308594e+01
-1.425060367584228516e+01 -1.967634201049804688e+01
1.987986373901367188e+01 1.008604621887207031e+01
-1.639745712280273438e+00 3.087580871582031250e+01
-2.976861190795898438e+01 -7.367713928222656250e+00
-2.314481925964355469e+01 -1.633372116088867188e+01
2.549922943115234375e+01 6.969687461853027344e+00
2.113760566711425781e+01 1.451109695434570312e+01
2.937065505981445312e+01 1.778072595596313477e+00
1.360665607452392578e+01 1.339471149444580078e+01
1.843299102783203125e+01 1.972453117370605469e+01
-2.178707122802734375e+01 -1.354553985595703125e+01
1.741029739379882812e+01 2.133630371093750000e+01
3.365981674194335938e+01 4.403432369232177734e+00
-2.328012704849243164e+00 -2.814147949218750000e+01
3.217301559448242188e+01 7.150131702423095703e+00
-3.743088483810424805e+00 -2.657646751403808594e+01
-1.394016265869140625e+01 3.356990432739257812e+01
4.211054801940917969e+00 2.753534698486328125e+01
2.681021690368652344e+01 1.380973052978515625e+01
-2.441188049316406250e+01 2.823555755615234375e+01
1.987419891357421875e+01 -3.037711524963378906e+01
-9.476833343505859375e+00 3.137120056152343750e+01
3.417739486694335938e+01 -1.749022102355957031e+01
1.733275604248046875e+01 1.836758041381835938e+01
-1.004072856903076172e+01 -2.706983566284179688e+01
2.639951324462890625e+01 1.238290691375732422e+01
2.179608535766601562e+01 9.431411743164062500e+00
-1.068366718292236328e+01 3.084590721130371094e+01
-1.851525115966796875e+01 3.062586593627929688e+01
3.041686439514160156e+01 5.385807037353515625e+00
4.513722419738769531e+00 2.783096885681152344e+01
-3.933669567108154297e+00 -2.592837142944335938e+01
-1.781408500671386719e+01 -1.616010475158691406e+01
-1.293707084655761719e+01 -1.981730651855468750e+01
1.105452632904052734e+01 -3.251657867431640625e+01
-2.297397232055664062e+01 -1.123291587829589844e+01
3.539688873291015625e+01 -4.192846298217773438e+00
2.163673019409179688e+01 1.092924499511718750e+01
3.428797149658203125e+01 -1.352331161499023438e+00
-3.292231369018554688e+01 -1.011111259460449219e+01
-4.004478073120117188e+01 -1.050333857536315918e+00
2.017671966552734375e+01 -2.922607421875000000e+01
-4.193608474731445312e+01 1.197905778884887695e+00
-6.682320117950439453e+00 -2.398489570617675781e+01
8.027545928955078125e+00 -3.147998619079589844e+01
-9.704578399658203125e+00 3.039629936218261719e+01
-5.450359725952148438e+01 6.135162830352783203e+00
-1.476039886474609375e+01 -2.159724617004394531e+01
2.254377365112304688e+01 1.081254673004150391e+01
1.549552631378173828e+01 2.145652198791503906e+01
1.875938034057617188e+01 -3.024261093139648438e+01
-2.035314941406250000e+01 -1.403360652923583984e+01
-4.341125869750976562e+01 1.178125023841857910e+00
2.136151885986328125e+01 1.020532512664794922e+01
-3.047053909301757812e+01 -5.682516574859619141e+00
3.189438819885253906e+01 -4.921500682830810547e+00
2.218182373046875000e+01 1.047992897033691406e+01
2.557416152954101562e+01 -2.834850311279296875e+01
-1.405990409851074219e+01 2.835191154479980469e+01
3.740591764450073242e+00 2.814750480651855469e+01
3.174304008483886719e+01 -1.740584564208984375e+01
-1.897517561912536621e+00 -2.975905036926269531e+01
-4.621601486206054688e+01 2.776108980178833008e+00
3.271358489990234375e+01 -1.727458381652832031e+01
-4.158449172973632812e+01 -2.211043357849121094e+00
1.816834831237792969e+01 2.391301155090332031e+01
-2.074421310424804688e+01 3.243627166748046875e+01
-5.222385787963867188e+01 4.611543655395507812e+00
1.165578842163085938e+00 2.989623451232910156e+01
-2.484873008728027344e+01 -1.272272682189941406e+01
1.133441734313964844e+01 2.492151451110839844e+01
2.906270408630371094e+01 8.366828918457031250e+00
-2.540275764465332031e+01 -4.602229595184326172e+00
3.104200172424316406e+01 1.868476271629333496e-01
3.419979095458984375e+01 -9.140077590942382812e+00
3.671569061279296875e+01 -8.618645668029785156e+00
-5.355335617065429688e+01 4.719806671142578125e+00
3.564646911621093750e+01 -5.968130111694335938e+00
2.886735725402832031e+01 5.534595489501953125e+00
-4.740299606323242188e+01 7.168786525726318359e-01
-2.010187506675720215e-01 2.425439643859863281e+01
-1.288866138458251953e+01 2.735744857788085938e+01
-4.837236785888671875e+01 3.262606859207153320e+00
-5.381027984619140625e+01 5.353606700897216797e+00
-2.097192573547363281e+01 -1.493700790405273438e+01
-1.599764919281005859e+01 -2.168145561218261719e+01
3.503978729248046875e+01 3.379584074020385742e+00
1.523719882965087891e+01 -3.143614959716796875e+01
5.391422748565673828e+00 2.199700736999511719e+01
2.745690917968750000e+01 3.736684560775756836e+00
-2.418576240539550781e+01 -9.625637054443359375e+00
5.852320194244384766e+00 2.150483703613281250e+01
-3.812700271606445312e+01 -4.103609547019004822e-02
-2.214230155944824219e+01 -1.353102302551269531e+01
-3.085285758972167969e+01 -7.147977352142333984e+00
-3.935932874679565430e+00 3.071878623962402344e+01
-2.403699874877929688e+01 -1.653244018554687500e+01
-3.778676223754882812e+01 -1.603645980358123779e-01
1.487517929077148438e+01 2.428734970092773438e+01
3.368946075439453125e+01 -1.259900379180908203e+01
3.404061508178710938e+01 -1.564295768737792969e+01
-2.584892463684082031e+01 -8.795884132385253906e+00
2.922998046875000000e+01 1.214601135253906250e+01
3.139544677734375000e+01 -2.282892799377441406e+01
-3.568050765991210938e+01 -6.729016780853271484e+00
-2.565369987487792969e+01 3.094657707214355469e+01
-3.167696952819824219e+01 -1.169734764099121094e+01
2.980416679382324219e+01 -2.257402992248535156e+01
2.526515007019042969e+00 2.861866950988769531e+01
3.171858024597167969e+01 -1.679400444030761719e+01
-1.400960922241210938e+01 -1.891565895080566406e+01
-2.445458221435546875e+01 -1.060307216644287109e+01
1.541328144073486328e+01 2.336453056335449219e+01
-3.577914810180664062e+01 -7.990957736968994141e+00
1.128854656219482422e+01 2.341289138793945312e+01
-6.039934158325195312e-01 -2.991379928588867188e+01
-1.397477722167968750e+01 -2.364845466613769531e+01
2.960909461975097656e+01 1.421354055404663086e+00
-1.565322780609130859e+01 3.311936950683593750e+01
3.359976196289062500e+01 -9.620252609252929688e+00
1.156289005279541016e+01 1.611305999755859375e+01
-3.343002319335937500e+01 -2.329142093658447266e+00
2.405939102172851562e+01 -2.788434410095214844e+01
1.145467376708984375e+01 1.521791267395019531e+01
3.450112915039062500e+01 5.588868141174316406e+00
-2.121823120117187500e+01 -1.695193481445312500e+01
9.170620918273925781e+00 2.817218971252441406e+01
-4.534452438354492188e+00 3.331156158447265625e+01
-1.468431758880615234e+01 -1.914281082153320312e+01
2.676646995544433594e+01 9.846234321594238281e+00
-2.058226394653320312e+01 -1.539337253570556641e+01
1.482360553741455078e+01 2.069691658020019531e+01
1.074608898162841797e+01 -3.289845275878906250e+01
3.211119842529296875e+01 6.014453411102294922e+00
-3.675132369995117188e+01 -4.392959594726562500e+00
-5.101187896728515625e+01 4.945154666900634766e+00
-9.015719413757324219e+00 2.993834495544433594e+01
-7.797323226928710938e+00 3.389562988281250000e+01
-2.253325080871582031e+01 3.015049743652343750e+01
-1.209072017669677734e+01 -1.945045471191406250e+01
2.079913330078125000e+01 1.666448783874511719e+01
-3.865100860595703125e+01 -6.142348647117614746e-01
1.487726926803588867e+00 2.918819236755371094e+01
-4.659631347656250000e+01 -1.183118298649787903e-01
-2.183840179443359375e+01 3.076840400695800781e+01
-3.376515197753906250e+01 -7.557090282440185547e+00
3.631626510620117188e+01 -7.365819931030273438e+00
1.758621215820312500e+01 1.475425910949707031e+01
1.832513618469238281e+01 -3.081246566772460938e+01
-2.544743156433105469e+01 -1.354841709136962891e+01
2.908965492248535156e+01 -2.021833610534667969e+01
1.532750725746154785e-01 2.818392753601074219e+01
3.250597381591796875e+01 -2.108253860473632812e+01
-2.363777351379394531e+01 -1.008226394653320312e+01
-5.837982654571533203e+00 3.468078613281250000e+01
6.339492321014404297e+00 2.548523330688476562e+01
-2.012675094604492188e+01 3.068398475646972656e+01
1.167089700698852539e+00 2.370345115661621094e+01
4.254897117614746094e+00 -3.071674728393554688e+01
-3.053386878967285156e+01 -4.762321949005126953e+00
-1.571089267730712891e+01 -2.243254470825195312e+01
5.376014232635498047e+00 2.867392730712890625e+01
-1.094400691986083984e+01 2.780686950683593750e+01
3.096688079833984375e+01 -2.024711418151855469e+01
2.185062789916992188e+01 8.806410789489746094e+00
2.901746368408203125e+01 7.362882614135742188e+00
-3.274699401855468750e+01 -6.275525569915771484e+00
-6.134735107421875000e+00 3.027988052368164062e+01
1.004235863685607910e+00 2.731208419799804688e+01
3.656735610961914062e+01 -1.573144531250000000e+01
3.324934387207031250e+01 -6.308202743530273438e+00
-2.406044578552246094e+01 2.974175834655761719e+01
1.035819149017333984e+01 -3.229731369018554688e+01
-8.894745826721191406e+00 -2.542242813110351562e+01
8.718101978302001953e-01 -2.955592346191406250e+01
3.393700027465820312e+01 1.498488426208496094e+00
2.595948219299316406e+01 1.337571525573730469e+01
-8.038682341575622559e-01 2.434037780761718750e+01
-1.005112743377685547e+01 -2.373419761657714844e+01
1.196606254577636719e+01 1.566671562194824219e+01
-1.177561950683593750e+01 2.686551094055175781e+01
3.389155578613281250e+01 -1.821031719446182251e-01
-3.491868209838867188e+01 -4.758885383605957031e+00
-3.724253177642822266e+00 -2.703351783752441406e+01
-3.258417129516601562e+00 -2.757036972045898438e+01
-4.113122177124023438e+01 3.795307874679565430e+00
3.268615341186523438e+01 6.103744983673095703e+00
-1.110104846954345703e+01 -1.917740249633789062e+01
2.653542900085449219e+01 1.418725013732910156e+01
3.608412551879882812e+01 -9.198516845703125000e+00
-4.230500698089599609e+00 3.041941070556640625e+01
3.331515121459960938e+01 6.564702987670898438e+00
1.995718955993652344e+01 1.512224483489990234e+01
-3.280654907226562500e+01 -1.386675000190734863e+00
-2.569622993469238281e+01 -2.920210599899291992e+00
-2.590024185180664062e+01 -1.324400901794433594e+01
-5.161458206176757812e+01 4.171661853790283203e+00
-1.674130058288574219e+01 3.321240615844726562e+01
-1.886412239074707031e+01 3.012299346923828125e+01
-2.501526260375976562e+01 3.083381271362304688e+01
3.529943847656250000e+01 -3.301801204681396484e+00
-4.777128601074218750e+01 2.450936317443847656e+00
1.520173931121826172e+01 1.463432312011718750e+01
3.579803085327148438e+01 -4.145223140716552734e+00
3.027702331542968750e+01 9.378385543823242188e-01
1.071374034881591797e+01 -3.122404861450195312e+01
-1.094431495666503906e+01 -1.994090843200683594e+01
3.364255905151367188e+01 -1.222902965545654297e+01
-1.333983707427978516e+01 -1.862987709045410156e+01
-2.395397377014160156e+01 -1.526740264892578125e+01
1.581734752655029297e+01 2.405752944946289062e+01
1.730505371093750000e+01 1.929086112976074219e+01
-9.967253684997558594e+00 -2.280554962158203125e+01
-4.652698898315429688e+01 2.613486051559448242e+00
2.786993217468261719e+01 3.648664236068725586e+00
3.475770950317382812e+01 -4.933348298072814941e-01
-5.305762481689453125e+01 4.821177482604980469e+00
-2.511298179626464844e+00 -2.863706970214843750e+01
3.504078674316406250e+01 -1.226690196990966797e+01
1.444319343566894531e+01 -3.136245346069335938e+01
-2.017976760864257812e+01 -1.602852630615234375e+01
2.434406852722167969e+01 -2.695379829406738281e+01
3.474963760375976562e+01 -1.363628745079040527e+00
-2.775648307800292969e+01 -5.114284038543701172e+00
1.592299175262451172e+01 1.815810775756835938e+01
-1.635748100280761719e+01 3.069556999206542969e+01
1.192374897003173828e+01 -3.122530555725097656e+01
3.019083213806152344e+01 -2.332086181640625000e+01
2.754297065734863281e+01 -2.403314590454101562e+01
3.572593307495117188e+01 -4.656260490417480469e+00
2.148141860961914062e+01 9.436139106750488281e+00
-1.175509929656982422e+00 -2.894984245300292969e+01
-2.250251579284667969e+01 -1.790901374816894531e+01
-1.882377052307128906e+01 3.338911819458007812e+01
2.000671958923339844e+01 2.288248443603515625e+01
-5.484927749633789062e+01 5.825262069702148438e+00
1.488859176635742188e+01 1.850388908386230469e+01
3.426201248168945312e+01 -1.312396168708801270e+00
-3.770368957519531250e+01 -4.259622573852539062e+00
-8.631975173950195312e+00 -2.630542182922363281e+01
-2.821842956542968750e+01 -6.717161178588867188e+00
2.827174186706542969e+01 -2.206015205383300781e+01
2.718923950195312500e+01 1.145886993408203125e+01
2.860989570617675781e+01 7.586633682250976562e+00
2.544844245910644531e+01 1.496690177917480469e+01
2.452812767028808594e+01 -2.887981224060058594e+01
-4.040840911865234375e+01 -1.350371003150939941e+00
1.280986595153808594e+01 -3.190081596374511719e+01
1.860682868957519531e+01 2.364593696594238281e+01
-2.937937736511230469e+00 2.437733840942382812e+01
2.539985656738281250e+01 1.201242160797119141e+01
2.985386276245117188e+01 -2.457253456115722656e+01
-1.511462926864624023e+00 2.952119636535644531e+01
3.598160171508789062e+01 -1.229561519622802734e+01
-3.126160049438476562e+01 -4.342184066772460938e+00
3.185086441040039062e+01 -6.007095813751220703e+00
5.115213871002197266e+00 2.153672599792480469e+01
-1.716080427169799805e+00 -3.185043525695800781e+01
2.795215034484863281e+01 -2.347898483276367188e+01
6.277276515960693359e+00 2.354887390136718750e+01
2.922078514099121094e+01 -2.077924919128417969e+01
-1.711407470703125000e+01 2.880933570861816406e+01
-2.652821731567382812e+01 -9.092400550842285156e+00
2.465380096435546875e+01 -2.803679656982421875e+01
3.297658920288085938e+01 -1.317533874511718750e+01
-2.735639762878417969e+01 2.968534851074218750e+01
1.266682720184326172e+01 2.012598228454589844e+01
-8.301247596740722656e+00 3.521008300781250000e+01
-1.345609855651855469e+01 3.198916053771972656e+01
-1.798069381713867188e+01 2.778036880493164062e+01
9.426551818847656250e+00 -3.307948303222656250e+01
-1.490975761413574219e+01 3.344401168823242188e+01
1.999503517150878906e+01 2.335237121582031250e+01
2.646827936172485352e+00 2.935998725891113281e+01
-2.481982421875000000e+01 3.025994491577148438e+01
3.080898475646972656e+01 -1.965797042846679688e+01
-1.073532009124755859e+01 -2.602618598937988281e+01
-2.042578315734863281e+01 2.990726470947265625e+01
2.630473899841308594e+01 9.034229278564453125e+00
1.109936714172363281e+01 2.219379234313964844e+01
-1.719787979125976562e+01 -1.669422340393066406e+01
-4.137649536132812500e+01 5.413819551467895508e-01
3.533598327636718750e+01 -7.570927619934082031e+00
-2.112802267074584961e+00 -3.048679351806640625e+01
-1.594922351837158203e+01 3.045527839660644531e+01
-1.178164291381835938e+01 -1.801483345031738281e+01
1.967998504638671875e+01 -3.116269874572753906e+01
-5.130151748657226562e+00 -2.843959045410156250e+01
-7.010366916656494141e+00 -2.408216857910156250e+01
3.081738853454589844e+01 -2.226418876647949219e+01
-8.092719078063964844e+00 -2.492470932006835938e+01
-1.288583755493164062e+01 -2.089909172058105469e+01
-1.199979019165039062e+01 -2.106484413146972656e+01
-1.724481391906738281e+01 3.157217025756835938e+01
-1.590618324279785156e+01 3.371927642822265625e+01
-3.381088256835937500e+01 -2.480884552001953125e+00
1.301402950286865234e+01 2.172295379638671875e+01
-1.869778442382812500e+01 -1.586468124389648438e+01
-2.953943443298339844e+01 -1.068638920783996582e+00
1.335006046295166016e+01 2.127824020385742188e+01
-1.017786407470703125e+01 3.476212310791015625e+01
-1.218468570709228516e+01 -1.717051315307617188e+01
3.706349945068359375e+01 -8.291473388671875000e+00
2.744592666625976562e+01 -2.554632377624511719e+01
3.525053787231445312e+01 -1.059430694580078125e+01
2.864245986938476562e+01 -2.268921089172363281e+01
1.838133049011230469e+01 1.478820037841796875e+01
1.410078334808349609e+01 2.084727478027343750e+01
-2.937338590621948242e+00 3.186275100708007812e+01
-2.047722244262695312e+01 2.910938453674316406e+01
1.104576468467712402e+00 2.685939407348632812e+01
-4.190621852874755859e+00 2.697154998779296875e+01
-2.467627525329589844e+01 2.929445075988769531e+01
-1.238606739044189453e+01 -2.491703224182128906e+01
-3.268889236450195312e+01 -7.311734676361083984e+00
-1.543808364868164062e+01 3.106557655334472656e+01
2.439620971679687500e+01 -2.672580146789550781e+01
-6.111255645751953125e+00 3.212768936157226562e+01
2.524233818054199219e+01 -2.821488952636718750e+01
3.370101928710937500e+01 -1.048420238494873047e+01
-4.366837310791015625e+01 3.982904195785522461e+00
3.768540191650390625e+01 -7.690163612365722656e+00
-4.108563613891601562e+01 1.724732071161270142e-01
3.447008895874023438e+01 -1.544344902038574219e+01
1.325686931610107422e+01 1.417317962646484375e+01
8.948913574218750000e+00 -3.204332733154296875e+01
-5.085660934448242188e+01 5.225478172302246094e+00
1.788125991821289062e+01 1.517842769622802734e+01
2.052326202392578125e+01 1.589420890808105469e+01
-1.427326107025146484e+01 2.842999839782714844e+01
2.357080221176147461e+00 2.726412391662597656e+01
1.011561870574951172e+01 -3.215195083618164062e+01
3.099364852905273438e+01 5.937953472137451172e+00
3.525345230102539062e+01 -1.509869480133056641e+01
-5.527871608734130859e+00 -2.765285873413085938e+01
-3.580345916748046875e+01 -4.081085205078125000e+00
-2.021504592895507812e+01 3.186170005798339844e+01
-2.055572509765625000e+01 2.816856575012207031e+01
-5.067363739013671875e+00 3.537353515625000000e+01
1.641374397277832031e+01 1.535731887817382812e+01
-4.482614517211914062e+01 1.403642058372497559e+00
-4.661333084106445312e+01 1.047922134399414062e+00
1.040161037445068359e+01 2.615476417541503906e+01
-3.121358871459960938e+01 -1.066411113739013672e+01
-1.136409282684326172e+01 3.126302719116210938e+01
-2.851510286331176758e+00 -2.614566421508789062e+01
-1.714107704162597656e+01 3.265528106689453125e+01
5.375052690505981445e-01 2.372142028808593750e+01
8.632075190544128418e-01 2.715076065063476562e+01
3.440788269042968750e+01 -5.993324279785156250e+00
3.670425033569335938e+01 6.459785699844360352e-01
2.481350708007812500e+01 1.439339351654052734e+01
-1.902537727355957031e+01 2.947483444213867188e+01
-2.269264030456542969e+01 -1.263428974151611328e+01
-4.924953460693359375e+01 3.212692260742187500e+00
2.049324989318847656e+01 -2.850280570983886719e+01
1.041959476470947266e+01 2.867867279052734375e+01
-4.609414577484130859e+00 3.069120597839355469e+01
2.719671630859375000e+01 1.284536647796630859e+01
-3.340615081787109375e+01 -9.796993255615234375e+00
4.631393909454345703e+00 -2.942178344726562500e+01
-2.186694717407226562e+01 -1.534777641296386719e+01
-4.074743652343750000e+01 -3.078438758850097656e+00
-5.804075717926025391e+00 -2.719032287597656250e+01
-1.107158184051513672e+01 -2.046555137634277344e+01
-2.480146408081054688e+01 -3.840866327285766602e+00
3.080328369140625000e+01 -1.840896606445312500e+01
-3.084596619009971619e-02 -3.143657875061035156e+01
-4.170990884304046631e-01 2.483196067810058594e+01
-4.198976516723632812e+01 3.096706867218017578e+00
3.453697586059570312e+01 3.590260028839111328e+00
1.231849288940429688e+01 2.126998329162597656e+01
-2.956686782836914062e+01 -7.215718030929565430e-01
-2.072269248962402344e+01 -1.751224327087402344e+01
-3.347753524780273438e+01 -7.574764251708984375e+00
1.421479988098144531e+01 1.946044158935546875e+01
-2.252399063110351562e+01 -1.032110023498535156e+01
-1.732262611389160156e+01 -1.496390628814697266e+01
-2.608949661254882812e+01 3.141805267333984375e+01
-1.009071636199951172e+01 -1.958934211730957031e+01
2.168345069885253906e+01 -2.888811111450195312e+01
-2.495868301391601562e+01 -7.475201606750488281e+00
2.981618046760559082e-02 -2.951527214050292969e+01
1.512842655181884766e+01 1.347926139831542969e+01
3.472030639648437500e+01 -9.143504142761230469e+00
-7.446747779846191406e+00 2.768441009521484375e+01
-5.044884872436523438e+01 3.020316362380981445e+00
-5.326600265502929688e+01 5.733280181884765625e+00
5.355090618133544922e+00 2.282764053344726562e+01
3.396456527709960938e+01 -1.214632701873779297e+01
-5.243429565429687500e+01 5.858582496643066406e+00
3.166317176818847656e+01 -4.006807327270507812e+00
3.279610824584960938e+01 -1.553711146116256714e-01
-2.061610984802246094e+01 -1.599758052825927734e+01
2.602025985717773438e+01 9.470557212829589844e+00
-2.772394752502441406e+01 -6.576948165893554688e+00
2.084215164184570312e+01 -3.006559562683105469e+01
2.794094085693359375e+01 7.497777938842773438e+00
5.444774627685546875e+00 2.589290237426757812e+01
-3.463873672485351562e+01 -5.741805076599121094e+00
-3.677742767333984375e+01 -6.159403324127197266e+00
-4.307513427734375000e+01 2.152887344360351562e+00
-2.468815803527832031e+01 3.060846138000488281e+01
1.766480064392089844e+01 -3.079388618469238281e+01
3.149837493896484375e+01 -4.531991004943847656e+00
1.432274627685546875e+01 1.947583580017089844e+01
-1.369900226593017578e+01 3.161525917053222656e+01
-3.201533126831054688e+01 -7.720058441162109375e+00
1.218222427368164062e+01 -3.049806022644042969e+01
2.585158920288085938e+01 1.413711929321289062e+01
3.368421936035156250e+01 -7.074254512786865234e+00
-2.110601997375488281e+01 2.861685562133789062e+01
3.365628814697265625e+01 -1.449995517730712891e+01
-1.587007808685302734e+01 2.786560440063476562e+01
-1.616720199584960938e+01 -1.487736320495605469e+01
3.533814620971679688e+01 -6.616464614868164062e+00
1.722267341613769531e+01 1.896240615844726562e+01
2.146091651916503906e+01 -3.129122924804687500e+01
-1.319680309295654297e+01 3.264395141601562500e+01
-3.658233642578125000e+00 2.525786018371582031e+01
2.496684074401855469e+01 -2.558187866210937500e+01
3.219618606567382812e+01 -4.961024761199951172e+00
-1.513479423522949219e+01 -1.837740325927734375e+01
-4.114334583282470703e+00 3.223428726196289062e+01
3.127270507812500000e+01 -1.823771858215332031e+01
-2.050095176696777344e+01 -1.726327896118164062e+01
-5.582634449005126953e+00 3.025805091857910156e+01
-1.650204277038574219e+01 3.111055755615234375e+01
-5.549340248107910156e+00 -2.892922401428222656e+01
-9.135025024414062500e+00 3.327943420410156250e+01
6.435875415802001953e+00 2.711911010742187500e+01
-4.714285659790039062e+01 8.202368617057800293e-01
3.723609161376953125e+01 -8.820722997188568115e-02
-4.683825492858886719e+00 2.515333366394042969e+01
-2.581618428230285645e-01 -2.830272865295410156e+01
5.199217796325683594e+00 -3.132634353637695312e+01
2.771603584289550781e+00 -3.080731582641601562e+01
-4.094166183471679688e+01 1.851163268089294434e+00
-4.983165740966796875e+00 2.977096176147460938e+01
-2.827745437622070312e+01 -6.494790554046630859e+00
-2.735934448242187500e+01 3.019004249572753906e+01
-1.047900485992431641e+01 3.110280227661132812e+01
2.861551284790039062e+01 -2.140808296203613281e+01
-1.310565662384033203e+01 -1.440584850311279297e+01
3.402574920654296875e+01 -1.697069549560546875e+01
-2.422557449340820312e+01 2.855160713195800781e+01
3.453084182739257812e+01 5.128360271453857422e+00
3.496687316894531250e+01 -2.907109737396240234e+00
-1.808373260498046875e+01 3.047756385803222656e+01
-3.415832138061523438e+01 -7.164751052856445312e+00
1.252434611320495605e+00 -3.013213348388671875e+01
-5.462664413452148438e+01 5.866564273834228516e+00
6.038644313812255859e+00 2.352499961853027344e+01
-1.311978340148925781e+00 2.925116729736328125e+01
-4.670466613769531250e+01 1.783674120903015137e+00
9.204328536987304688e+00 2.783857727050781250e+01
-2.560577011108398438e+01 2.966395378112792969e+01
-1.610042572021484375e+01 3.275004959106445312e+01
1.326863193511962891e+01 1.983983802795410156e+01
-3.504030108451843262e-01 -3.073019027709960938e+01
-2.459643936157226562e+01 3.202124786376953125e+01
2.368713760375976562e+01 1.272592639923095703e+01
3.017478942871093750e+01 -2.123446464538574219e+01
1.452156543731689453e+00 -2.934762191772460938e+01
2.052403450012207031e+00 -3.089646530151367188e+01
3.455378723144531250e+01 -1.779695391654968262e+00
3.290947341918945312e+01 4.086346626281738281e-01
2.478358078002929688e+01 1.210619354248046875e+01
-1.776201057434082031e+01 3.054574203491210938e+01
-2.171347427368164062e+01 3.133351135253906250e+01
3.345264434814453125e+01 -1.409491252899169922e+01
-4.965625762939453125e+01 1.671288847923278809e+00
2.051941156387329102e+00 -3.089630126953125000e+01
-5.194039916992187500e+01 5.276224136352539062e+00
-2.428062438964843750e+01 -1.354913234710693359e+01
-1.188186359405517578e+01 -2.401589775085449219e+01
-4.628966522216796875e+01 1.139624342322349548e-01
-2.248076438903808594e+01 -1.735581779479980469e+01
-9.387232780456542969e+00 2.838277053833007812e+01
-7.049501895904541016e+00 2.917226600646972656e+01
2.971555292606353760e-02 -2.951521682739257812e+01
7.850748538970947266e+00 2.664355659484863281e+01
2.821355056762695312e+01 -2.048094749450683594e+01
-1.597818374633789062e+01 -2.082245063781738281e+01
-5.425418090820312500e+01 4.518110752105712891e+00
8.615845680236816406e+00 -3.182054328918457031e+01
-1.356856632232666016e+01 3.359403991699218750e+01
7.697644233703613281e+00 -3.321768569946289062e+01
-2.619709968566894531e+01 -1.092207813262939453e+01
-5.030869960784912109e+00 -2.856785392761230469e+01
