-3.300392532348632812e+01 1.370730400085449219e+01
-1.906226539611816406e+01 2.593655776977539062e+01
-1.849520874023437500e+01 -2.069119262695312500e+01
-1.310550498962402344e+01 3.795241546630859375e+01
1.533691120147705078e+01 -2.449659919738769531e+01
-3.024797248840332031e+01 1.666285133361816406e+01
3.385158157348632812e+01 8.928877830505371094e+00
3.456729125976562500e+01 7.194856166839599609e+00
-1.241773223876953125e+01 -2.090785598754882812e+01
-1.274990272521972656e+01 2.721939384937286377e-01
-1.364840412139892578e+01 -2.147312545776367188e+01
-7.109171390533447266e+00 -2.040140724182128906e+01
1.918968439102172852e+00 -1.570566272735595703e+01
-1.840421104431152344e+01 -1.742522811889648438e+01
-2.037563323974609375e+01 -1.480897665023803711e+00
-1.434437942504882812e+01 1.830325698852539062e+01
6.439103126525878906e+00 -2.409985542297363281e+01
3.385043334960937500e+01 9.440635681152343750e+00
3.475608825683593750e+01 1.202392482757568359e+01
-2.642080879211425781e+01 2.356457901000976562e+01
-2.510107421875000000e+01 -7.843890666961669922e+00
-9.904963493347167969e+00 -1.759740829467773438e+00
-2.372837448120117188e+01 -5.718655586242675781e+00
3.613136291503906250e+01 -4.613206386566162109e+00
-2.393667793273925781e+01 -1.010492610931396484e+01
-3.341387176513671875e+01 1.478842067718505859e+01
-1.291064739227294922e+01 -1.664350891113281250e+01
3.609073257446289062e+01 1.961841964721679688e+01
2.578240013122558594e+01 -4.927519321441650391e+00
-2.983229446411132812e+01 1.282513618469238281e+01
-4.172848701477050781e+00 -1.797112083435058594e+01
2.251730728149414062e+01 -2.705010032653808594e+01
-1.665898513793945312e+01 1.544369983673095703e+01
-2.467318725585937500e+01 4.558377265930175781e+00
-2.875304985046386719e+01 1.737689781188964844e+01
-2.010577011108398438e+01 2.589555501937866211e+00
1.946609687805175781e+01 -2.603674507141113281e+01
-2.790991592407226562e+01 1.974342918395996094e+01
3.803988265991210938e+01 2.202372550964355469e+01
-2.547996902465820312e+01 -2.264803498983383179e-01
-1.968213677406311035e+00 -2.658507347106933594e+01
1.240565681457519531e+01 -2.348277473449707031e+01
3.609041213989257812e+00 -2.427472496032714844e+01
3.251021957397460938e+01 1.911990046501159668e+00
3.918294525146484375e+01 1.573986053466796875e+01
8.502563476562500000e+00 -2.498595428466796875e+01
-6.501904487609863281e+00 -4.648710250854492188e+00
3.121068763732910156e+01 8.381040573120117188e+00
3.413416671752929688e+01 4.093550682067871094e+00
-8.971348762512207031e+00 3.426634216308593750e+01
-1.894802665710449219e+01 4.703388690948486328e+00
2.120751571655273438e+01 -1.264874935150146484e+01
3.051957607269287109e+00 -2.931606864929199219e+01
1.713130950927734375e+01 -2.596145820617675781e+01
-2.885562896728515625e+01 1.794428825378417969e+01
3.697700500488281250e+01 2.162869453430175781e+01
-2.637233543395996094e+01 2.828281211853027344e+01
-3.888369560241699219e+00 4.506172943115234375e+01
-2.259031486511230469e+01 4.318798542022705078e+00
2.207083511352539062e+01 -7.355004310607910156e+00
3.530836486816406250e+01 1.785031509399414062e+01
-1.090732097625732422e+01 -4.067440509796142578e+00
1.944339179992675781e+01 -2.355176925659179688e+01
-2.625022125244140625e+01 2.546469116210937500e+01
-2.682614564895629883e+00 -2.088411331176757812e+01
-2.790233039855957031e+01 1.734013938903808594e+01
-1.469878196716308594e+01 -1.756254386901855469e+01
-2.378073120117187500e+01 -7.591452121734619141e+00
1.711037445068359375e+01 -1.000696659088134766e+01
-1.085771846771240234e+01 -9.414782524108886719e+00
-1.139937877655029297e+01 -2.410226440429687500e+01
4.283340454101562500e+00 -3.151195526123046875e+01
-1.480622959136962891e+01 1.341345608234405518e-01
3.136273193359375000e+01 -1.076406383514404297e+01
3.564737319946289062e+01 1.850739860534667969e+01
-1.298500728607177734e+01 1.864442062377929688e+01
3.402473688125610352e+00 -3.134591484069824219e+01
-2.039607238769531250e+01 2.382625389099121094e+01
-1.763931083679199219e+01 1.626548469066619873e-01
3.265283966064453125e+01 -3.344576835632324219e+00
2.897814750671386719e+01 5.111817836761474609e+00
1.955461883544921875e+01 -8.784734725952148438e+00
3.095330810546875000e+01 2.263805389404296875e+00
-5.265378858894109726e-04 -3.021460342407226562e+01
-2.750871658325195312e+01 1.851520538330078125e+01
-1.147934532165527344e+01 -1.225681495666503906e+01
3.346934127807617188e+01 1.226736164093017578e+01
-2.343775749206542969e+01 2.967843055725097656e+00
-3.359819889068603516e+00 4.352894973754882812e+01
6.576827526092529297e+00 -2.930801391601562500e+01
-1.157262611389160156e+01 3.307123565673828125e+01
-3.505989313125610352e+00 -2.746916389465332031e+01
3.568135452270507812e+01 1.997679138183593750e+01
-1.986413764953613281e+01 1.860088157653808594e+01
-1.021160793304443359e+01 -4.265790581703186035e-01
2.777879905700683594e+01 -1.848595428466796875e+01
-1.452091979980468750e+01 -1.913741111755371094e+01
3.029717445373535156e+01 -9.219936370849609375e+00
3.575575256347656250e+01 1.701341152191162109e+00
-2.515789222717285156e+01 8.049325942993164062e+00
-2.422554016113281250e+01 -2.661964654922485352e+00
-9.244168281555175781e+00 -1.561688995361328125e+01
2.788423347473144531e+01 -7.854615688323974609e+00
2.074947738647460938e+01 -6.909156799316406250e+00
-1.557632637023925781e+01 -1.843880653381347656e+01
2.334440946578979492e+00 -2.691355895996093750e+01
-1.635203170776367188e+01 -1.605853271484375000e+01
-9.747723579406738281e+00 3.702910614013671875e+01
2.651740264892578125e+01 -5.341098308563232422e+00
-1.352497386932373047e+01 2.740163421630859375e+01
-5.958767414093017578e+00 -2.850515747070312500e+01
-2.463628578186035156e+01 -7.639463245868682861e-02
-1.509579372406005859e+01 -1.074129939079284668e+00
-2.395273780822753906e+01 6.310416698455810547e+00
3.573081588745117188e+01 1.403981208801269531e+01
3.675307846069335938e+01 3.177321195602416992e+00
3.584535217285156250e+01 2.200416946411132812e+01
6.774330615997314453e+00 -2.040869712829589844e+01
-9.324093818664550781e+00 -1.585342216491699219e+01
-3.041802978515625000e+01 1.393454265594482422e+01
-1.250149631500244141e+01 8.572726845741271973e-01
3.149916887283325195e+00 -3.099676513671875000e+01
-2.554659461975097656e+01 2.153260993957519531e+01
3.552852249145507812e+01 -4.327567577362060547e+00
3.397722244262695312e+01 2.364521789550781250e+01
1.834960174560546875e+01 -2.540463066101074219e+01
3.917267608642578125e+01 1.284261894226074219e+01
-2.239905929565429688e+01 1.850129723548889160e+00
2.997596359252929688e+01 4.819630622863769531e+00
-2.760425949096679688e+01 2.711050415039062500e+01
-2.440106010437011719e+01 -7.194224834442138672e+00
2.025572395324707031e+01 -1.289051055908203125e+01
-1.709776306152343750e+01 -1.923675155639648438e+01
-5.958940982818603516e+00 -2.850493431091308594e+01
3.061963844299316406e+01 1.847763824462890625e+01
2.313774871826171875e+01 -2.547162818908691406e+01
-6.890947818756103516e+00 3.966085815429687500e+01
-1.973356056213378906e+01 5.167805671691894531e+00
3.446141815185546875e+01 1.274624633789062500e+01
-1.434410285949707031e+01 -1.186064910888671875e+01
4.742779254913330078e+00 -2.082275962829589844e+01
1.175437355041503906e+01 -2.146302795410156250e+01
-1.626239395141601562e+01 -2.118609189987182617e+00
-1.012710666656494141e+01 -2.951413154602050781e+00
3.401527404785156250e+01 2.274879264831542969e+01
3.128831672668457031e+01 3.859612226486206055e+00
2.265035152435302734e+00 -3.062913894653320312e+01
-1.304818439483642578e+01 -1.983242797851562500e+01
2.636805725097656250e+01 -2.516395568847656250e+01
-1.767765283584594727e+00 -1.953713607788085938e+01
1.460381317138671875e+01 -1.936856842041015625e+01
-2.737649917602539062e+00 -1.792042160034179688e+01
2.818630218505859375e+01 4.486121177673339844e+00
-6.764605522155761719e+00 3.375947189331054688e+01
-1.656680226325988770e+00 -2.196682167053222656e+01
2.898958015441894531e+01 -8.890302658081054688e+00
-1.550704574584960938e+01 2.267134857177734375e+01
-2.849660110473632812e+01 2.346954154968261719e+01
4.115039825439453125e+00 -2.745774459838867188e+01
1.547764015197753906e+01 -2.077758216857910156e+01
3.869017791748046875e+01 1.551171302795410156e+01
-2.722421455383300781e+01 2.137929916381835938e+01
-1.755619812011718750e+01 1.643982124328613281e+01
-1.572464942932128906e+01 1.726369285583496094e+01
-1.076793479919433594e+01 3.039768791198730469e+01
-7.912250518798828125e+00 4.149968719482421875e+01
-1.816733932495117188e+01 1.711494827270507812e+01
-7.596874237060546875e-01 -3.094234848022460938e+01
-1.626371192932128906e+01 2.475364494323730469e+01
3.030869293212890625e+01 -1.201120853424072266e+01
3.305137634277343750e+01 4.965680599212646484e+00
-1.434472465515136719e+01 -5.707595825195312500e+00
-2.036553192138671875e+01 2.546672058105468750e+01
2.704418182373046875e+01 -2.501200866699218750e+01
-5.719993591308593750e+00 -5.317086696624755859e+00
7.379288673400878906e+00 -1.998777389526367188e+01
-8.989604115486145020e-01 -2.156259346008300781e+01
-2.216840171813964844e+01 3.977395057678222656e+00
-2.694186782836914062e+01 1.293201637268066406e+01
-1.090242385864257812e+01 -7.026934146881103516e+00
3.693695449829101562e+01 2.081957435607910156e+01
-8.471532821655273438e+00 3.216386795043945312e+01
-9.786652565002441406e+00 3.405831909179687500e+01
3.679847717285156250e+01 1.465588569641113281e+01
-5.761091232299804688e+00 -2.271993637084960938e+01
-2.251145935058593750e+01 1.336000919342041016e+01
3.660208129882812500e+01 9.066385626792907715e-01
-1.982497215270996094e+01 -7.827775478363037109e+00
2.762887573242187500e+01 -1.309206104278564453e+01
-1.185970973968505859e+01 -1.348900318145751953e+00
-2.484472036361694336e+00 -1.973289299011230469e+01
-2.728087615966796875e+01 2.927103614807128906e+01
3.074793624877929688e+01 -7.838260650634765625e+00
-9.903036117553710938e+00 -2.094185638427734375e+01
1.292945098876953125e+01 -3.078643226623535156e+01
-8.567214012145996094e+00 -2.084305953979492188e+01
-1.294526481628417969e+01 1.768158149719238281e+01
-2.235596847534179688e+01 -1.195733642578125000e+01
-3.126116561889648438e+01 1.403046703338623047e+01
1.307986164093017578e+01 -2.521014022827148438e+01
4.684567749500274658e-01 -3.226393508911132812e+01
3.806018066406250000e+01 5.964812755584716797e+00
-1.145694828033447266e+01 -1.901642036437988281e+01
3.584018707275390625e+01 4.823604106903076172e+00
-4.424640178680419922e+00 3.051428413391113281e+01
-2.673811340332031250e+01 2.452320098876953125e+01
3.215731811523437500e+01 -9.559261053800582886e-02
2.165196418762207031e+01 -1.362396049499511719e+01
-1.973325538635253906e+01 5.661227703094482422e+00
-1.102034759521484375e+01 -1.821416664123535156e+01
-1.967689132690429688e+01 1.533533287048339844e+01
-1.563391971588134766e+01 -2.132573318481445312e+01
-1.525158405303955078e+01 1.478456783294677734e+01
1.722137069702148438e+01 -2.772234153747558594e+01
-2.663258934020996094e+01 2.515644836425781250e+01
1.928876113891601562e+01 -3.340180158615112305e+00
-6.455825805664062500e+00 3.755941390991210938e+01
1.709823417663574219e+01 -2.517279815673828125e+01
6.415489196777343750e+00 -2.607092285156250000e+01
3.038187217712402344e+01 6.083692073822021484e+00
3.492523956298828125e+01 1.413178801536560059e+00
-1.956377792358398438e+01 1.798328399658203125e+01
-5.375092029571533203e+00 -2.969015312194824219e+01
2.722764778137207031e+01 -2.802195739746093750e+01
-2.136009216308593750e+01 1.266271686553955078e+01
-2.586299324035644531e+01 9.277142524719238281e+00
-9.091120719909667969e+00 3.900426483154296875e+01
1.198295688629150391e+01 -2.914996719360351562e+01
-2.778090667724609375e+01 1.659661865234375000e+01
1.819112205505371094e+01 -2.416698646545410156e+01
2.086494255065917969e+01 -2.114928483963012695e+00
-2.568577575683593750e+01 1.014556503295898438e+01
3.102084922790527344e+01 -1.026618099212646484e+01
-1.224914455413818359e+01 -6.922493457794189453e+00
2.599527549743652344e+01 -4.971799850463867188e+00
3.642449569702148438e+01 7.060090541839599609e+00
2.158919906616210938e+01 -1.384216022491455078e+01
2.295510673522949219e+01 -1.831906318664550781e+01
-1.414203643798828125e+01 1.524201393127441406e+01
3.437288284301757812e+01 2.019412994384765625e+01
-3.419362068176269531e+00 -3.012944602966308594e+01
3.833219146728515625e+01 2.102026557922363281e+01
2.757055282592773438e+01 3.586983919143676758e+00
3.493303298950195312e+01 1.978830718994140625e+01
-3.836395502090454102e+00 -2.836256027221679688e+01
-9.573758125305175781e+00 -2.270731925964355469e+01
-2.122834968566894531e+01 8.070155978202819824e-01
3.482445526123046875e+01 -4.373208999633789062e+00
-1.871078872680664062e+01 1.529490184783935547e+01
-8.112671852111816406e+00 -5.294979095458984375e+00
-1.460799026489257812e+01 1.923609161376953125e+01
-1.467938232421875000e+01 2.603018379211425781e+01
-2.661456823348999023e+00 -2.800802612304687500e+01
-6.825913429260253906e+00 4.053159332275390625e+01
-1.464618301391601562e+01 4.990462958812713623e-01
-3.907945871353149414e+00 3.128805923461914062e+01
-2.013915824890136719e+01 -4.215919971466064453e+00
1.816680335998535156e+01 -2.608514404296875000e+01
3.672158241271972656e+00 -3.163064956665039062e+01
-9.650542259216308594e+00 3.826654815673828125e+01
-2.481038475036621094e+01 1.110824584960937500e+01
1.903588104248046875e+01 -2.442308044433593750e+01
-9.830794334411621094e+00 -2.352998161315917969e+01
-1.635364723205566406e+01 -6.397322654724121094e+00
7.723618507385253906e+00 -2.279779815673828125e+01
3.311871719360351562e+01 4.684373855590820312e+00
3.983521270751953125e+01 1.324108028411865234e+01
1.934028983116149902e+00 -2.027393341064453125e+01
2.003321075439453125e+01 -2.544173622131347656e+01
3.695655441284179688e+01 1.520635414123535156e+01
-8.325724601745605469e+00 -4.175620555877685547e+00
-2.893433380126953125e+01 1.071447467803955078e+01
-9.385671615600585938e+00 2.551160430908203125e+01
-4.403815269470214844e-01 -2.915600395202636719e+01
5.630877017974853516e+00 -2.659190940856933594e+01
3.750380325317382812e+01 7.491056919097900391e+00
-1.350552558898925781e+01 -1.823884606361389160e+00
-1.363432502746582031e+01 1.755852127075195312e+01
-2.080316734313964844e+01 8.847353935241699219e+00
3.503691101074218750e+01 1.500337886810302734e+01
2.138013362884521484e+00 -2.112141227722167969e+01
3.107038497924804688e+01 -1.043538761138916016e+01
-1.445658588409423828e+01 7.999926567077636719e+00
1.182658290863037109e+01 -3.103355216979980469e+01
-6.951146602630615234e+00 -8.007075309753417969e+00
-2.164914846420288086e+00 -2.823296546936035156e+01
1.978939056396484375e+01 -1.717624855041503906e+01
-6.592615127563476562e+00 -2.677598381042480469e+01
-2.187497901916503906e+01 1.394989299774169922e+01
-7.702195167541503906e+00 -2.079411506652832031e+01
-6.158026695251464844e+00 4.396735000610351562e+01
-1.405955982208251953e+01 2.664203071594238281e+01
3.731599044799804688e+01 2.339966773986816406e+01
7.584168910980224609e-01 -2.613370895385742188e+01
-4.102540016174316406e+00 3.090874099731445312e+01
-2.444513320922851562e+01 -3.128728866577148438e+00
-1.034294128417968750e+01 3.363140487670898438e+01
-8.879949569702148438e+00 3.315944290161132812e+01
1.410701942443847656e+01 -1.491693687438964844e+01
1.828114128112792969e+01 -2.088475799560546875e+01
-2.545167350769042969e+01 -5.458294391632080078e+00
3.738616561889648438e+01 1.795936822891235352e-01
-1.372596549987792969e+01 -5.960691452026367188e+00
2.637502670288085938e+01 -8.706257820129394531e+00
2.179726409912109375e+01 -1.360858917236328125e+00
3.021186590194702148e+00 -2.791185951232910156e+01
1.656465530395507812e+01 -2.218726539611816406e+01
2.913809967041015625e+01 -6.472282886505126953e+00
1.372601985931396484e+01 -2.372362518310546875e+01
-1.413920021057128906e+01 8.116655349731445312e-01
2.502460670471191406e+01 -2.704942893981933594e+01
2.008770942687988281e+01 -2.153068542480468750e+01
3.920985031127929688e+01 2.093965911865234375e+01
-1.798754310607910156e+01 -4.979530334472656250e+00
-2.720471858978271484e+00 4.337352371215820312e+01
-2.889667320251464844e+01 2.020351409912109375e+01
3.112117767333984375e+01 -4.366598606109619141e+00
-1.456084251403808594e+01 -2.549446821212768555e+00
2.638997459411621094e+01 3.845876932144165039e+00
3.916247940063476562e+01 1.488558483123779297e+01
-1.948896026611328125e+01 8.167121887207031250e+00
-1.399733161926269531e+01 -4.297449588775634766e+00
-2.805188179016113281e+01 1.426090621948242188e+01
-1.750582885742187500e+01 -1.691624641418457031e+01
2.960404014587402344e+01 4.683159351348876953e+00
-1.726515769958496094e+01 -4.086743831634521484e+00
2.149888992309570312e+01 -1.367442250251770020e+00
-1.113176584243774414e+00 -2.368341255187988281e+01
-1.060163974761962891e+01 -1.187893486022949219e+01
1.290425682067871094e+01 -2.701389122009277344e+01
2.536932373046875000e+01 -5.750168323516845703e+00
3.514134597778320312e+01 -5.426469802856445312e+00
3.923852920532226562e+01 1.636231422424316406e+01
-2.556924629211425781e+01 2.434381866455078125e+01
1.164064288139343262e+00 -3.129047966003417969e+01
-4.731063842773437500e+00 4.090885162353515625e+01
-1.095892620086669922e+01 -2.515734672546386719e+01
-7.288687229156494141e+00 3.513727188110351562e+01
-6.254089355468750000e+00 4.353702545166015625e+01
2.191508865356445312e+01 -1.249188327789306641e+01
-2.261576080322265625e+01 -7.976445198059082031e+00
1.332286262512207031e+01 -1.482752704620361328e+01
-9.162012100219726562e+00 2.999391746520996094e+01
-6.434640407562255859e+00 3.980353164672851562e+01
1.346553897857666016e+01 -2.174828147888183594e+01
2.767865943908691406e+01 -1.763908958435058594e+01
-1.597046852111816406e+01 -1.872251701354980469e+01
-1.526556491851806641e+01 -4.911578178405761719e+00
-1.677288055419921875e+01 2.260490798950195312e+01
-2.210626029968261719e+01 1.136049175262451172e+01
1.237178134918212891e+01 -3.120762062072753906e+01
-2.472354698181152344e+01 -1.705355525016784668e+00
2.157382583618164062e+01 -1.743218421936035156e+01
-2.033186149597167969e+01 1.230253219604492188e+01
-2.171864128112792969e+01 1.722567367553710938e+01
3.143238067626953125e+01 1.909605216979980469e+01
3.585694885253906250e+01 1.237810230255126953e+01
-1.629207611083984375e+01 6.699181795120239258e-01
1.161638736724853516e+01 -2.928159523010253906e+01
-1.125276184082031250e+01 -8.294484019279479980e-02
1.322439002990722656e+01 -2.929039001464843750e+01
-2.347212982177734375e+01 -5.752678394317626953e+00
-1.372613239288330078e+01 -9.635688781738281250e+00
-6.114058494567871094e+00 -3.130055999755859375e+01
-7.960761070251464844e+00 3.727450942993164062e+01
1.178871750831604004e+00 -3.065495300292968750e+01
-2.633129119873046875e+01 2.386663055419921875e+01
-5.735201358795166016e+00 -2.919413948059082031e+01
2.403353881835937500e+01 -2.420898628234863281e+01
3.466382598876953125e+01 -3.786729276180267334e-01
-1.898105430603027344e+01 2.459207153320312500e+01
2.194751548767089844e+01 -1.506273078918457031e+01
1.324365615844726562e+01 -2.581234359741210938e+01
-1.333359336853027344e+01 2.198886489868164062e+01
-2.140569877624511719e+01 1.426851463317871094e+01
-2.417943954467773438e+01 -4.230144500732421875e+00
-1.294899368286132812e+01 -8.501502275466918945e-01
2.969635581970214844e+01 -1.112124252319335938e+01
-1.012723159790039062e+01 -9.205692291259765625e+00
-3.127316856384277344e+01 1.333718204498291016e+01
3.072247505187988281e+01 -8.509681701660156250e+00
2.840389060974121094e+01 -1.153420925140380859e+01
-1.077742385864257812e+01 -6.617023468017578125e+00
-1.585275459289550781e+01 -4.282858848571777344e+00
3.621722030639648438e+01 4.888035356998443604e-01
8.245506286621093750e+00 -2.698348045349121094e+01
3.050895690917968750e+01 3.132940769195556641e+00
1.208268642425537109e+01 -2.622243499755859375e+01
2.103361129760742188e+01 -2.297211837768554688e+01
-1.361314010620117188e+01 -2.013891983032226562e+01
4.298566341400146484e+00 -3.013863563537597656e+01
-2.537481498718261719e+01 1.054213047027587891e+01
1.816493225097656250e+01 -2.365740394592285156e+01
-7.709364414215087891e+00 4.266912460327148438e+01
-2.420458412170410156e+01 -2.513315379619598389e-01
2.931561660766601562e+01 7.902714252471923828e+00
-1.865222167968750000e+01 -1.554181861877441406e+01
3.562690496444702148e+00 -2.884337234497070312e+01
-1.178829002380371094e+01 -1.819498443603515625e+01
-2.513781166076660156e+01 2.535482597351074219e+01
1.499072313308715820e+00 -3.045217704772949219e+01
3.895560073852539062e+01 1.380704879760742188e+00
3.420278930664062500e+01 2.745009183883666992e+00
-1.118157482147216797e+01 -6.220494270324707031e+00
-1.254434680938720703e+01 3.250759124755859375e+01
3.466360092163085938e+01 -3.787596821784973145e-01
-1.294922161102294922e+01 3.421431350708007812e+01
-2.922220611572265625e+01 9.332633018493652344e+00
2.703745460510253906e+01 -1.947707366943359375e+01
-1.794074058532714844e+01 2.461873245239257812e+01
2.701040267944335938e+01 -2.061296081542968750e+01
-2.892867326736450195e+00 -2.934109115600585938e+01
-9.676878929138183594e+00 2.681328010559082031e+01
2.413276481628417969e+01 -2.600367927551269531e+01
2.226185798645019531e+01 -1.199960041046142578e+01
-1.549576091766357422e+01 1.989867210388183594e+01
1.931541633605957031e+01 -1.325069618225097656e+01
-2.692953300476074219e+01 1.997159576416015625e+01
-1.284195232391357422e+01 -1.063720417022705078e+01
3.782869338989257812e+01 2.224633598327636719e+01
-2.037243461608886719e+01 1.225328826904296875e+01
1.270687675476074219e+01 -1.716212272644042969e+01
-3.462382507324218750e+01 1.372517108917236328e+01
-7.614718914031982422e+00 4.054333877563476562e+01
-2.220586776733398438e+01 6.498520851135253906e+00
2.032682609558105469e+01 -4.492005348205566406e+00
3.718392562866210938e+01 5.263775348663330078e+00
3.277635192871093750e+01 1.771810913085937500e+01
-1.476084327697753906e+01 2.651170730590820312e+01
-6.904657363891601562e+00 4.312902450561523438e+01
-1.477155590057373047e+01 2.859496498107910156e+01
-2.786043357849121094e+01 1.359250831604003906e+01
3.312638092041015625e+01 5.196923613548278809e-01
3.082394599914550781e+01 8.707794189453125000e+00
-1.981920433044433594e+01 -8.175290107727050781e+00
3.801417541503906250e+01 1.993665313720703125e+01
-6.183325290679931641e+00 4.179213333129882812e+01
3.813256740570068359e+00 -3.075600242614746094e+01
3.359223556518554688e+01 -1.223642230033874512e+00
2.846257400512695312e+01 -7.813190937042236328e+00
-2.726019287109375000e+01 2.713495063781738281e+01
-2.550771141052246094e+01 3.211354064941406250e+01
6.891878604888916016e+00 -2.898635292053222656e+01
3.168581962585449219e+01 1.879063224792480469e+01
-2.283533477783203125e+01 5.242940902709960938e+00
3.350266265869140625e+01 -3.276350975036621094e+00
2.592263221740722656e-01 -2.184020996093750000e+01
3.496409988403320312e+01 2.221373176574707031e+01
-1.052840042114257812e+01 -2.292544174194335938e+01
-1.798934555053710938e+01 1.331173038482666016e+01
-2.044156265258789062e+01 1.809299230575561523e+00
-1.993971252441406250e+01 6.224944591522216797e+00
-1.602868843078613281e+01 2.169271469116210938e+01
-2.860091972351074219e+01 2.657718276977539062e+01
1.896318435668945312e+01 -1.905239868164062500e+01
-2.590980768203735352e+00 -2.126122474670410156e+01
-2.269802093505859375e+01 2.886438846588134766e+00
3.724147033691406250e+01 4.494323253631591797e+00
-1.749172782897949219e+01 -1.541370010375976562e+01
-1.556999683380126953e+01 -2.745255231857299805e+00
-6.824084281921386719e+00 -3.181893539428710938e+01
-2.537130546569824219e+01 -5.362112522125244141e+00
-2.691726303100585938e+01 2.987697029113769531e+01
-2.443623924255371094e+01 -8.584300041198730469e+00
2.904124832153320312e+01 6.655266284942626953e+00
-1.468680763244628906e+01 4.394614696502685547e-01
-2.686486053466796875e+01 2.883357429504394531e+01
2.238798713684082031e+01 -6.524522304534912109e+00
-1.084598827362060547e+01 2.703137969970703125e+01
-1.347265815734863281e+01 3.050641059875488281e+01
-1.096319484710693359e+01 3.791567230224609375e+01
-3.033214759826660156e+01 1.753517150878906250e+01
1.112291908264160156e+01 -2.869958114624023438e+01
3.203391647338867188e+01 5.990275382995605469e+00
-7.188607215881347656e+00 3.150573921203613281e+01
3.756502914428710938e+01 2.070043945312500000e+01
1.618518638610839844e+01 -2.301191711425781250e+01
3.227440261840820312e+01 4.562429487705230713e-01
-2.011824798583984375e+01 1.583450794219970703e+01
-1.150496673583984375e+01 -2.191472625732421875e+01
-1.491854286193847656e+01 -1.982324981689453125e+01
-9.651438713073730469e+00 -1.959641075134277344e+01
3.568907546997070312e+01 1.316758823394775391e+01
-1.141832542419433594e+01 -2.315722942352294922e+00
3.334482955932617188e+01 -2.744055747985839844e+00
1.382186532020568848e+00 -1.533020877838134766e+01
4.780207633972167969e+00 -2.910180091857910156e+01
8.037114143371582031e+00 -2.616798019409179688e+01
-9.686729431152343750e+00 2.912701797485351562e+01
-2.787554740905761719e+01 1.480622673034667969e+01
-1.194505310058593750e+01 3.095295906066894531e+01
2.085866928100585938e+01 -7.872931480407714844e+00
-3.195896720886230469e+01 1.448113536834716797e+01
-7.846852302551269531e+00 3.914225387573242188e+01
-4.518377184867858887e-01 -2.337649345397949219e+01
-3.247864913940429688e+01 1.369042015075683594e+01
-2.407945823669433594e+01 -1.095032811164855957e+00
-1.715568351745605469e+01 1.528055572509765625e+01
3.697713851928710938e+01 2.162749099731445312e+01
3.429333877563476562e+01 8.136881828308105469e+00
1.277100276947021484e+01 -2.071822547912597656e+01
3.326935577392578125e+01 1.878322982788085938e+01
3.881835174560546875e+01 1.308488607406616211e+00
-2.522527313232421875e+01 2.181503772735595703e+00
-6.113214492797851562e+00 3.077200698852539062e+01
1.985590553283691406e+01 -7.274839401245117188e+00
-2.377527427673339844e+01 1.884552121162414551e+00
-2.044778633117675781e+01 -1.036453723907470703e+01
-2.854483413696289062e+01 2.680272865295410156e+01
-2.487467002868652344e+01 -3.695439100265502930e+00
3.440536499023437500e+01 1.126149845123291016e+01
3.161111450195312500e+01 1.158021926879882812e+01
3.201140975952148438e+01 2.066831207275390625e+01
1.145826625823974609e+01 -2.675273132324218750e+01
-7.090510368347167969e+00 -8.196617126464843750e+00
-1.214746093750000000e+01 3.005797195434570312e+01
2.909793090820312500e+01 -1.249908638000488281e+01
1.141159725189208984e+01 -2.870154762268066406e+01
-2.919624900817871094e+01 1.347137069702148438e+01
-1.665975952148437500e+01 1.715014076232910156e+01
2.841226577758789062e+00 -2.532842636108398438e+01
3.859505462646484375e+01 1.389075279235839844e+01
-1.017730712890625000e+01 -2.278109550476074219e+01
-1.755264472961425781e+01 1.444290351867675781e+01
-1.030685901641845703e+01 3.664938354492187500e+01
-2.389482498168945312e+01 6.000839233398437500e+00
-2.780490112304687500e+01 1.258374023437500000e+01
1.214469718933105469e+01 -2.648567199707031250e+01
-1.098700332641601562e+01 -1.953675842285156250e+01
-1.758390045166015625e+01 -1.779278755187988281e+01
-8.542892456054687500e+00 -2.008047866821289062e+01
-1.805753707885742188e+01 -4.760327339172363281e+00
-2.013189125061035156e+01 3.519037246704101562e+00
3.569132614135742188e+01 -1.260369300842285156e+00
-1.059751510620117188e+01 1.514738202095031738e+00
3.584440612792968750e+01 1.530373477935791016e+01
-2.192802619934082031e+01 1.168396949768066406e+00
1.925399422645568848e+00 -1.605656814575195312e+01
-1.812801170349121094e+01 -2.061809349060058594e+01
3.487025070190429688e+01 2.061582756042480469e+01
3.205987167358398438e+01 -8.128372192382812500e+00
2.159535026550292969e+01 -8.182684898376464844e+00
-1.256277465820312500e+01 -1.461928367614746094e+01
-2.600487899780273438e+01 3.129159545898437500e+01
-8.385080337524414062e+00 4.023163604736328125e+01
1.412250518798828125e+01 -1.865992736816406250e+01
-2.262078666687011719e+01 -1.043317031860351562e+01
3.448373794555664062e+01 1.334330654144287109e+01
1.897935867309570312e+01 -8.446656227111816406e+00
-6.823789596557617188e+00 -3.181764793395996094e+01
-2.631794357299804688e+01 5.169925212860107422e+00
2.597004699707031250e+01 -2.724340820312500000e+01
-1.432419109344482422e+01 1.757985305786132812e+01
1.990005111694335938e+01 -7.607131481170654297e+00
-1.687211799621582031e+01 -1.079592323303222656e+01
2.835845375061035156e+01 -6.168285369873046875e+00
-2.408457946777343750e+01 -7.339673995971679688e+00
2.534717321395874023e+00 -1.881927108764648438e+01
1.998563385009765625e+01 -1.183922863006591797e+01
4.954858303070068359e+00 -2.180504608154296875e+01
-1.435669803619384766e+01 -1.035698223114013672e+01
-6.422180652618408203e+00 4.225749588012695312e+01
-1.196465492248535156e+01 3.273011779785156250e+01
-1.739845657348632812e+01 -1.702078819274902344e+01
-2.980351638793945312e+01 1.683127403259277344e+01
4.797154426574707031e+00 -2.528409385681152344e+01
-1.478761291503906250e+01 1.776172447204589844e+01
-2.845241165161132812e+01 1.883189010620117188e+01
-4.402901649475097656e+00 3.045208930969238281e+01
2.602951049804687500e+01 -6.317798614501953125e+00
2.714342880249023438e+01 -9.601773262023925781e+00
3.368849945068359375e+01 2.258552742004394531e+01
-1.796334648132324219e+01 1.558101367950439453e+01
3.223825836181640625e+01 -1.201414704322814941e+00
2.021800279617309570e+00 -1.705215454101562500e+01
2.789554977416992188e+01 -1.096457672119140625e+01
-7.544038295745849609e-01 -2.224696540832519531e+01
-2.059176445007324219e+01 -9.815048217773437500e+00
2.586445045471191406e+01 -2.603432893753051758e+00
-6.028590679168701172e+00 -6.276849269866943359e+00
-2.693940734863281250e+01 9.630277633666992188e+00
3.615414810180664062e+01 -1.184107959270477295e-01
-1.909335136413574219e+00 -2.910788345336914062e+01
-2.107889747619628906e+01 7.747362136840820312e+00
-1.690336608886718750e+01 3.019371986389160156e+01
-2.165939331054687500e+01 -1.240514850616455078e+01
-6.553244590759277344e+00 3.347377777099609375e+01
2.619589424133300781e+01 -1.874046897888183594e+01
1.287375164031982422e+01 -2.136321449279785156e+01
-2.428048324584960938e+01 8.880302429199218750e+00
-1.951779937744140625e+01 2.580660057067871094e+01
2.863718986511230469e+01 -8.697966575622558594e+00
2.793199539184570312e+01 -8.026872634887695312e+00
-2.178369712829589844e+01 4.591120243072509766e+00
-1.167525100708007812e+01 1.334896236658096313e-01
2.498132944107055664e+00 -2.863466835021972656e+01
-1.023137474060058594e+01 1.281821060180664062e+01
1.415296673774719238e+00 -2.424401283264160156e+01
1.922051620483398438e+01 -2.230067062377929688e+01
-1.095145702362060547e+01 -8.007554054260253906e+00
-1.317841625213623047e+01 -2.784231185913085938e+00
2.590942192077636719e+01 -2.458379364013671875e+01
-2.578083038330078125e+01 2.332498931884765625e+01
2.503084182739257812e+01 -2.544719505310058594e+01
-3.439671707153320312e+01 1.222963619232177734e+01
-2.557851028442382812e+01 6.681048870086669922e+00
-2.514470672607421875e+01 1.489465713500976562e+00
-3.606996059417724609e+00 4.496463775634765625e+01
-1.265265464782714844e+00 -2.902470397949218750e+01
-1.528782653808593750e+01 2.348822212219238281e+01
-1.098379039764404297e+01 -2.290199470520019531e+01
-1.682174682617187500e+01 2.499045944213867188e+01
9.672358512878417969e+00 -1.795910263061523438e+01
-1.233505630493164062e+01 -6.405817508697509766e+00
-1.293926239013671875e+01 1.192226409912109375e+01
-9.753095626831054688e+00 3.275262832641601562e+01
-6.822322368621826172e+00 3.910932922363281250e+01
-2.606742095947265625e+01 2.621980476379394531e+01
-2.471312522888183594e+01 6.474667549133300781e+00
2.703668403625488281e+01 -2.584409141540527344e+01
1.861499214172363281e+01 -2.147968482971191406e+01
3.223871994018554688e+01 -1.201302170753479004e+00
-9.893914222717285156e+00 -1.268246459960937500e+01
2.868646240234375000e+01 -1.114021301269531250e+01
-1.438153266906738281e+01 -8.800138473510742188e+00
-1.195929050445556641e+01 3.648837280273437500e+01
-3.011518287658691406e+01 1.244003295898437500e+01
2.182362937927246094e+01 -2.330452919006347656e+01
1.907614517211914062e+01 -9.194040298461914062e+00
-4.396306037902832031e+00 -1.924403381347656250e+01
2.206939697265625000e+01 -1.686585545539855957e+00
2.484521675109863281e+01 -2.441833114624023438e+01
-1.981334495544433594e+01 -1.835772514343261719e+01
-1.602278327941894531e+01 1.862979507446289062e+01
3.626179885864257812e+01 4.235897541046142578e+00
1.466817378997802734e+01 -2.947843360900878906e+01
-2.194647979736328125e+01 -5.843795776367187500e+00
-1.395156955718994141e+01 -6.217696070671081543e-01
-1.561037921905517578e+01 -3.260836839675903320e+00
2.751525688171386719e+01 -7.233124256134033203e+00
3.731084060668945312e+01 6.707874774932861328e+00
-2.643413543701171875e+01 -4.524560928344726562e+00
3.676823425292968750e+01 4.654070854187011719e+00
4.107820689678192139e-01 -3.068033218383789062e+01
-1.896386146545410156e+01 1.622173881530761719e+01
-1.385729789733886719e+01 -1.357690238952636719e+01
-1.257977962493896484e+01 2.109236335754394531e+01
-2.085714912414550781e+01 1.540848922729492188e+01
-2.909068870544433594e+01 1.630793380737304688e+01
-8.994260787963867188e+00 -6.008526325225830078e+00
3.376185226440429688e+01 8.852553367614746094e+00
-2.769431495666503906e+01 2.049907684326171875e+01
3.615547180175781250e+01 6.298097133636474609e+00
1.126400756835937500e+01 -2.174155616760253906e+01
-2.313477134704589844e+01 5.244080066680908203e+00
3.228836822509765625e+01 5.419646263122558594e+00
-2.003442764282226562e+01 8.845582962036132812e+00
1.524464130401611328e+01 -1.869731903076171875e+01
-2.411210060119628906e+01 -9.993416786193847656e+00
-2.865342521667480469e+01 1.778655052185058594e+01
3.573080444335937500e+01 1.404023361206054688e+01
2.883576154708862305e+00 -3.157579994201660156e+01
-8.106183052062988281e+00 -2.148792076110839844e+01
-1.141711902618408203e+01 -1.030388355255126953e+01
3.666165924072265625e+01 1.393883419036865234e+01
-1.232454109191894531e+01 -1.865207481384277344e+01
-2.374430847167968750e+01 -8.338040351867675781e+00
2.683225250244140625e+01 -1.839810943603515625e+01
-1.438332176208496094e+01 2.319949150085449219e+01
-5.498451709747314453e+00 4.251838684082031250e+01
3.308588409423828125e+01 1.680200934410095215e+00
2.161925125122070312e+01 -1.795418357849121094e+01
8.523344039916992188e+00 -1.960590934753417969e+01
3.038864707946777344e+01 -7.242637634277343750e+00
-9.606263160705566406e+00 -1.516052246093750000e+01
-4.367866992950439453e+00 -1.936469078063964844e+01
-1.114013290405273438e+01 3.607620239257812500e+01
1.954894828796386719e+01 -7.128035545349121094e+00
1.263162803649902344e+01 -1.593430233001708984e+01
-1.285826206207275391e+01 2.952616310119628906e+01
3.187799644470214844e+01 1.053141117095947266e+00
1.496863079071044922e+01 -2.065559196472167969e+01
2.051169586181640625e+01 -9.880932807922363281e+00
-1.535813713073730469e+01 2.534083747863769531e+01
2.126251220703125000e+01 -2.374055290222167969e+01
3.208132934570312500e+01 8.549918174743652344e+00
-1.472701358795166016e+01 -1.853070449829101562e+01
-1.229050159454345703e+01 -1.037321472167968750e+01
-2.642638969421386719e+01 1.802402687072753906e+01
3.424372863769531250e+01 3.989988088607788086e+00
-2.513566398620605469e+01 -7.450398921966552734e+00
-2.271838760375976562e+01 -4.657397270202636719e+00
2.403358078002929688e+01 -2.420891380310058594e+01
-2.845425987243652344e+01 2.914758682250976562e+01
3.682776260375976562e+01 -2.874318361282348633e+00
-1.628872036933898926e+00 -2.861073303222656250e+01
-1.641587638854980469e+01 2.277278327941894531e+01
-1.404582214355468750e+01 -1.138723373413085938e+01
3.072104263305664062e+01 1.230610251426696777e+00
2.287819480895996094e+01 -8.446478843688964844e+00
-2.492175102233886719e+01 -9.099310874938964844e+00
3.356608200073242188e+01 -7.961587905883789062e-01
-1.747144699096679688e+01 1.742652702331542969e+01
1.016181111335754395e+00 -2.893808555603027344e+01
2.616653060913085938e+01 -1.933690071105957031e+01
-1.064216327667236328e+01 -8.454811096191406250e+00
-1.706758689880371094e+01 2.088339996337890625e+01
3.154595136642456055e+00 -2.163531875610351562e+01
-8.390643119812011719e+00 3.914067840576171875e+01
3.016973495483398438e+01 2.698050498962402344e+00
3.065152168273925781e+00 -1.753336906433105469e+01
-8.418369293212890625e+00 3.618665313720703125e+01
-2.154646301269531250e+01 2.190361738204956055e+00
3.416936492919921875e+01 8.178405761718750000e-01
-1.629747772216796875e+01 -1.294093513488769531e+01
-2.788514137268066406e+01 2.372789192199707031e+01
2.001817321777343750e+01 -1.673905372619628906e+01
-1.978784179687500000e+01 -2.964851617813110352e+00
1.871002960205078125e+01 -1.997225570678710938e+01
-1.965204811096191406e+01 1.409870910644531250e+01
-3.302474975585937500e+00 -1.886936569213867188e+01
-1.339033031463623047e+01 -1.553988265991210938e+01
2.359617614746093750e+01 -1.956265068054199219e+01
2.203750801086425781e+01 -1.809381294250488281e+01
-8.973937034606933594e+00 3.102341842651367188e+01
-1.820162010192871094e+01 -1.571578502655029297e+01
-9.721337318420410156e+00 4.091262435913085938e+01
3.460233306884765625e+01 1.427326107025146484e+01
-1.069846272468566895e+00 -1.981917190551757812e+01
2.896108055114746094e+01 5.602437973022460938e+00
-1.367442321777343750e+01 1.981584358215332031e+01
2.344627761840820312e+01 -2.026550102233886719e+01
-8.789674758911132812e+00 4.039408111572265625e+01
3.730339050292968750e+01 -1.260673880577087402e+00
-2.705827713012695312e+01 2.244038963317871094e+01
-2.724480438232421875e+01 1.869092559814453125e+01
-1.407562828063964844e+01 -1.257581233978271484e+01
1.270616912841796875e+01 -1.716205406188964844e+01
-1.621830940246582031e+01 -1.085771846771240234e+01
-2.374426078796386719e+01 2.395403099060058594e+01
1.254313087463378906e+01 -2.261050033569335938e+01
2.134840965270996094e+01 -1.081787014007568359e+01
3.644845485687255859e-01 -3.132103347778320312e+01
-1.413943099975585938e+01 4.785047054290771484e+00
-7.812800884246826172e+00 4.202177810668945312e+01
-1.361741924285888672e+01 2.463243293762207031e+01
-2.642859649658203125e+01 2.968382644653320312e+01
3.853787994384765625e+01 2.088269615173339844e+01
8.556535720825195312e+00 -1.949007797241210938e+01
-2.499168395996093750e+01 2.347866630554199219e+01
-1.027073574066162109e+01 3.201927947998046875e+01
-1.209638595581054688e+01 -1.164223861694335938e+01
-1.787033843994140625e+01 -1.320108413696289062e+01
-2.518136024475097656e+01 -6.005115032196044922e+00
-9.044189453125000000e-01 -2.484609222412109375e+01
-1.264543056488037109e+01 2.839525794982910156e+01
-1.159486007690429688e+01 1.265121459960937500e+01
-1.809364318847656250e+01 5.758222579956054688e+00
-2.325222206115722656e+01 -8.900946617126464844e+00
-6.168615341186523438e+00 4.282892608642578125e+01
3.464212179183959961e+00 -2.692451858520507812e+01
3.568902206420898438e+01 1.316740417480468750e+01
2.301277923583984375e+01 -2.317230987548828125e+01
-1.304293441772460938e+01 -1.817496490478515625e+01
-1.389708900451660156e+01 -1.597754478454589844e+01
-4.587988853454589844e+00 -3.271756744384765625e+01
2.907368278503417969e+01 -8.120363235473632812e+00
-9.802511215209960938e+00 2.616539955139160156e+01
-4.953261852264404297e+00 4.398137283325195312e+01
1.904590606689453125e+01 -5.331715106964111328e+00
-4.783792495727539062e+00 -2.120609664916992188e+01
1.966993331909179688e+01 -1.080557632446289062e+01
1.603509140014648438e+01 -2.220100593566894531e+01
3.637821578979492188e+01 2.164050674438476562e+01
-1.768951225280761719e+01 -2.298626661300659180e+00
3.363420867919921875e+01 1.229067420959472656e+01
-1.599718189239501953e+01 -1.705394363403320312e+01
-1.737336349487304688e+01 -8.437318354845046997e-02
-2.360567855834960938e+01 1.089798164367675781e+01
-2.192620849609375000e+01 1.227401638031005859e+01
-3.263038635253906250e+01 1.254544448852539062e+01
2.818641090393066406e+01 4.486424922943115234e+00
3.143237686157226562e+01 1.909604835510253906e+01
2.448223495483398438e+01 -2.315021514892578125e+01
3.388947296142578125e+01 -2.024907350540161133e+00
-1.340902709960937500e+01 3.784760665893554688e+01
-9.307196617126464844e+00 3.967574310302734375e+01
-3.409729385375976562e+01 1.419363307952880859e+01
-2.959847831726074219e+01 1.166274261474609375e+01
3.452043533325195312e+01 -1.221948504447937012e+00
-1.111075687408447266e+01 2.984498596191406250e+01
-1.124387931823730469e+01 -1.311788845062255859e+01
-1.523857593536376953e+01 -1.782067298889160156e+01
-1.115573120117187500e+01 -7.780320644378662109e+00
2.686446952819824219e+01 -2.801829528808593750e+01
2.536136054992675781e+01 -1.829672431945800781e+01
1.356044578552246094e+01 -1.886581611633300781e+01
3.029986763000488281e+01 4.110280513763427734e+00
-2.465289115905761719e+01 4.645617961883544922e+00
-2.346241760253906250e+01 1.238692092895507812e+01
2.804513168334960938e+01 -9.366293907165527344e+00
3.721646499633789062e+01 1.323052406311035156e+01
-1.256983089447021484e+01 -1.923970985412597656e+01
-1.470354175567626953e+01 -1.387164115905761719e+01
3.881573486328125000e+01 2.162262344360351562e+01
1.243301105499267578e+01 -2.845797348022460938e+01
-1.687701988220214844e+01 -4.051863670349121094e+00
1.625183868408203125e+01 -2.548386955261230469e+01
3.495820999145507812e+01 1.732744693756103516e+00
-1.358350563049316406e+01 -8.384675979614257812e+00
-1.644297599792480469e+01 -6.066687107086181641e-01
3.213577270507812500e+01 2.201455831527709961e+00
-2.185865783691406250e+01 -1.136398410797119141e+01
-1.087042045593261719e+01 3.212227630615234375e+01
2.959791374206542969e+01 -1.158940887451171875e+01
-8.961433410644531250e+00 -2.490706443786621094e+01
1.338159847259521484e+01 -2.704340744018554688e+01
-2.857074928283691406e+01 9.875848770141601562e+00
-1.966401863098144531e+01 3.440394878387451172e+00
2.056335258483886719e+01 -2.640577125549316406e+01
2.759990882873535156e+01 5.365146160125732422e+00
-1.574873352050781250e+01 2.732866668701171875e+01
-3.305561065673828125e+00 -2.143649673461914062e+01
3.427360916137695312e+01 1.790788269042968750e+01
-9.319981575012207031e+00 -2.280388259887695312e+01
-1.569666481018066406e+01 -7.813846111297607422e+00
2.394061851501464844e+01 -1.611406707763671875e+01
1.911228179931640625e+01 -5.257173538208007812e+00
3.331762695312500000e+01 1.352486419677734375e+01
-1.438064384460449219e+01 -1.111504077911376953e+01
-2.476795768737792969e+01 -2.544193506240844727e+00
-2.353643798828125000e+01 1.908987164497375488e+00
-1.399771118164062500e+01 -2.186647796630859375e+01
1.282631874084472656e+01 -2.228565979003906250e+01
2.502840995788574219e+01 -2.288701248168945312e+01
-1.438690090179443359e+01 -1.929393577575683594e+01
-2.566567230224609375e+01 -7.117798328399658203e+00
-1.575601482391357422e+01 6.130701541900634766e+00
-1.673572158813476562e+01 -2.470604181289672852e+00
2.668240547180175781e+01 -2.552341461181640625e+01
-1.706788635253906250e+01 1.637473869323730469e+01
-3.418323898315429688e+01 1.497677230834960938e+01
3.768661117553710938e+01 1.506296443939208984e+01
1.953055620193481445e+00 -2.898141670227050781e+01
-6.836153507232666016e+00 3.878754806518554688e+01
1.555806541442871094e+01 -1.964222717285156250e+01
-2.568957567214965820e+00 -2.417162704467773438e+01
-1.198046112060546875e+01 2.420439529418945312e+01
-1.887854194641113281e+01 -2.236775875091552734e+00
-7.532090187072753906e+00 3.424407958984375000e+01
2.031097984313964844e+01 -1.428864002227783203e+01
-4.259706020355224609e+00 -2.733762168884277344e+01
-2.798959922790527344e+01 1.049087715148925781e+01
-8.812776565551757812e+00 3.777100372314453125e+01
-1.337062072753906250e+01 2.749116516113281250e+01
-2.689106559753417969e+01 2.873755836486816406e+01
-1.714949989318847656e+01 2.801742362976074219e+01
-4.983756065368652344e+00 4.332203292846679688e+01
-4.981301784515380859e+00 -5.960910320281982422e+00
-2.855545043945312500e+01 2.819553947448730469e+01
-9.996912002563476562e+00 -9.846963882446289062e+00
-1.245273971557617188e+01 -1.238791084289550781e+01
-9.141400337219238281e+00 3.519356918334960938e+01
-2.495590019226074219e+01 7.433299064636230469e+00
2.029214668273925781e+01 -7.853981971740722656e+00
-8.141259193420410156e+00 3.704190444946289062e+01
-1.498188209533691406e+01 -8.994761466979980469e+00
-1.681280708312988281e+01 1.605176734924316406e+01
1.290425777435302734e+01 -2.701389122009277344e+01
3.679848480224609375e+01 1.465506839752197266e+01
-1.071406173706054688e+01 -2.137518501281738281e+01
3.272779464721679688e+01 -9.263036727905273438e+00
-7.853437900543212891e+00 3.802355957031250000e+01
3.253360748291015625e+01 4.098060607910156250e+00
2.607412815093994141e+00 -2.238865661621093750e+01
2.971492958068847656e+01 -7.679695129394531250e+00
8.966852188110351562e+00 -2.835439872741699219e+01
-2.241912078857421875e+01 -1.196332836151123047e+01
2.164968872070312500e+01 -6.414846420288085938e+00
3.086696624755859375e+01 -7.341764926910400391e+00
1.861235237121582031e+01 -2.199915695190429688e+01
-1.511348247528076172e+01 2.689863204956054688e+01
-2.467334747314453125e+01 1.956185722351074219e+01
3.155250740051269531e+01 -9.547657012939453125e+00
-2.326835060119628906e+01 1.183326911926269531e+01
1.627882957458496094e+01 -2.647073173522949219e+01
3.568909835815429688e+01 2.138316726684570312e+01
4.940987110137939453e+00 -2.547369003295898438e+01
-1.304259777069091797e+01 3.495099639892578125e+01
1.375474548339843750e+01 -3.128169441223144531e+01
-4.856016039848327637e-01 -2.368303680419921875e+01
3.908961296081542969e+00 -2.041370201110839844e+01
-1.957868385314941406e+01 -1.494292163848876953e+01
-1.053747367858886719e+01 -2.542608261108398438e+01
-2.158528900146484375e+01 5.529128074645996094e+00
-2.518041992187500000e+01 -3.559049844741821289e+00
-1.621944808959960938e+01 2.342949485778808594e+01
-5.340526580810546875e+00 4.276483917236328125e+01
-1.173512363433837891e+01 1.203405094146728516e+01
-6.921714782714843750e+00 3.083561325073242188e+01
-5.539846897125244141e+00 4.407619476318359375e+01
9.510981559753417969e+00 -1.841657829284667969e+01
2.183382606506347656e+01 -1.535212135314941406e+01
-4.774293899536132812e+00 3.397051239013671875e+01
1.890125846862792969e+01 -7.908758163452148438e+00
-2.581110000610351562e+01 2.999541473388671875e+01
-2.903874969482421875e+01 1.150074005126953125e+01
-5.254568099975585938e+00 -4.490608215332031250e+00
3.593824768066406250e+01 1.710583114624023438e+01
-1.443538475036621094e+01 2.901772499084472656e+01
2.839394760131835938e+01 5.936187267303466797e+00
-3.260981369018554688e+01 1.457560729980468750e+01
-1.070646190643310547e+01 2.841785430908203125e+01
3.485188961029052734e+00 -2.162567901611328125e+01
3.788404846191406250e+01 1.346425437927246094e+01
-1.320436191558837891e+01 2.360237312316894531e+01
-1.224736213684082031e+01 -9.537888526916503906e+00
-1.111675262451171875e+01 2.214716911315917969e+01
-2.330182266235351562e+01 -3.968203544616699219e+00
2.471473121643066406e+01 -2.397858810424804688e+01
-1.560577201843261719e+01 -7.589340806007385254e-01
-1.035450363159179688e+01 2.693024063110351562e+01
1.828079986572265625e+01 -2.088454055786132812e+01
3.091500473022460938e+01 7.767129421234130859e+00
-2.543639755249023438e+01 2.723219299316406250e+01
-3.072367429733276367e+00 4.375124359130859375e+01
-9.643277168273925781e+00 -2.234074020385742188e+01
-1.061134910583496094e+01 1.477260828018188477e+00
2.206866836547851562e+01 -9.692077636718750000e+00
3.919231033325195312e+01 1.383278751373291016e+01
-2.217517662048339844e+01 1.247125267982482910e+00
2.014928054809570312e+01 -2.357457733154296875e+01
-2.186226272583007812e+01 1.225634813308715820e-01
-1.253387355804443359e+01 -4.256898880004882812e+00
-1.095723819732666016e+01 3.706430435180664062e+01
-1.338760662078857422e+01 1.615812683105468750e+01
-1.193845176696777344e+01 3.052993392944335938e+01
-1.818147087097167969e+01 -2.018989562988281250e+01
-1.579620265960693359e+01 5.495765209197998047e+00
-2.517057418823242188e+01 8.224055767059326172e-01
-6.489562034606933594e+00 3.575485229492187500e+01
3.678109359741210938e+01 -4.767186641693115234e-01
2.728055763244628906e+01 -1.931176376342773438e+01
2.780049145221710205e-01 -2.798452758789062500e+01
1.057679295539855957e+00 -1.871129608154296875e+01
-1.587305450439453125e+01 2.342133522033691406e+01
-1.322303056716918945e+00 -1.956386947631835938e+01
2.328216171264648438e+01 -2.256760025024414062e+01
3.396398162841796875e+01 2.365674591064453125e+01
1.709464645385742188e+01 -2.386754226684570312e+01
-1.062882041931152344e+01 -1.983373069763183594e+01
2.221323013305664062e+01 -2.563957786560058594e+01
3.636676406860351562e+01 1.570812225341796875e+01
3.493297576904296875e+01 1.978833198547363281e+01
-2.593844413757324219e+01 2.470205116271972656e+01
-6.708292484283447266e+00 -3.016731834411621094e+01
-2.086108779907226562e+01 6.815488815307617188e+00
3.269648361206054688e+01 1.904929161071777344e+01
-1.929050827026367188e+01 6.570131301879882812e+00
-1.784635734558105469e+01 -2.112144851684570312e+01
3.437272644042968750e+01 2.019391250610351562e+01
3.482918167114257812e+01 8.462910652160644531e-01
2.198218345642089844e+01 -6.742329120635986328e+00
-2.070631790161132812e+01 -1.044466400146484375e+01
2.332236862182617188e+01 -2.458413696289062500e+01
1.775198745727539062e+01 -2.246367263793945312e+01
-1.747643661499023438e+01 2.984579086303710938e+01
6.545570850372314453e+00 -2.937770080566406250e+01
1.204138469696044922e+01 -3.030474662780761719e+01
3.411602020263671875e+01 4.716130733489990234e+00
-4.234457015991210938e+00 -3.192042350769042969e+01
-1.504964542388916016e+01 1.503957176208496094e+01
-1.300486087799072266e+01 -1.169327259063720703e+01
-7.928502082824707031e+00 4.078803634643554688e+01
1.711034011840820312e+01 -1.000699043273925781e+01
3.303805541992187500e+01 1.622980880737304688e+01
-1.127248191833496094e+01 2.849699401855468750e+01
-3.222739028930664062e+01 1.230311298370361328e+01
2.422399902343750000e+01 -7.169664382934570312e+00
2.497189283370971680e+00 -2.848684692382812500e+01
-1.265210032463073730e+00 -2.770294761657714844e+01
3.667919158935546875e+01 1.407339096069335938e+00
5.328223705291748047e+00 -2.245983695983886719e+01
2.897764015197753906e+01 3.856253385543823242e+00
1.940318298339843750e+01 -1.399266338348388672e+01
-2.331733322143554688e+01 -9.232127189636230469e+00
-1.270021724700927734e+01 2.753516578674316406e+01
2.592687606811523438e+01 -1.962616348266601562e+01
2.634440422058105469e+01 -2.772259140014648438e+01
3.326933670043945312e+01 1.878317451477050781e+01
-1.145613956451416016e+01 2.928879356384277344e+01
-6.173758506774902344e+00 -3.112596702575683594e+01
6.854441642761230469e+00 -2.561200523376464844e+01
-1.674005508422851562e+01 2.595038604736328125e+01
-1.393137836456298828e+01 2.565240287780761719e+01
2.939233064651489258e+00 -3.065898132324218750e+01
1.263145565986633301e+00 -1.916180992126464844e+01
-2.335751342773437500e+01 1.038984394073486328e+01
4.235908508300781250e+00 -2.316176223754882812e+01
-6.494555950164794922e+00 3.653091049194335938e+01
-4.179044246673583984e+00 -1.813705825805664062e+01
-1.123602581024169922e+01 1.182856559753417969e+01
1.788369560241699219e+01 -2.574738693237304688e+01
-1.394790172576904297e+01 -2.283376312255859375e+01
-2.861240577697753906e+01 1.693248367309570312e+01
1.883152580261230469e+01 -3.642176151275634766e+00
-1.276366710662841797e+01 3.065216255187988281e+01
-1.059748458862304688e+01 1.261944293975830078e+01
-1.450422763824462891e+01 -1.830896615982055664e+00
-1.546980953216552734e+01 -1.966703414916992188e+01
2.581926727294921875e+01 -6.336197376251220703e+00
-1.996409988403320312e+01 1.853727912902832031e+01
-1.393439102172851562e+01 -8.184297561645507812e+00
1.865474700927734375e+01 -2.360403823852539062e+01
-1.292507266998291016e+01 2.762302398681640625e+01
-2.066584396362304688e+01 -1.237064552307128906e+01
1.308420276641845703e+01 -2.007166481018066406e+01
-2.742783355712890625e+01 3.043609619140625000e+01
-1.768558311462402344e+01 2.749744987487792969e+01
2.584632682800292969e+01 -3.708824157714843750e+00
-1.619913864135742188e+01 5.445282936096191406e+00
-9.541028976440429688e+00 2.527162742614746094e+01
-1.087909221649169922e+01 -1.152042961120605469e+01
2.190796470642089844e+01 -3.293113783001899719e-02
-2.114242553710937500e+01 -1.704485321044921875e+01
3.119763374328613281e+01 9.760725975036621094e+00
-2.384970092773437500e+01 1.357698535919189453e+01
3.773907089233398438e+01 1.996426010131835938e+01
-2.636451530456542969e+01 3.060142707824707031e+01
-9.575653076171875000e+00 3.851080703735351562e+01
-1.944470214843750000e+01 -1.709208488464355469e+01
3.483548736572265625e+01 1.375356864929199219e+01
-2.358050537109375000e+01 1.316255760192871094e+01
-4.245237827301025391e+00 4.476771163940429688e+01
-1.994691848754882812e+01 -8.281921386718750000e+00
-2.770389366149902344e+01 1.504810714721679688e+01
-5.506087303161621094e+00 3.434003067016601562e+01
2.590300559997558594e+01 -1.847125625610351562e+01
-1.443728160858154297e+01 7.927904605865478516e+00
3.452453613281250000e+01 -4.759220600128173828e+00
-1.328579616546630859e+01 2.568593978881835938e+01
-1.587934112548828125e+01 2.589121055603027344e+01
3.834663009643554688e+01 1.620302009582519531e+01
-2.318818473815917969e+01 -1.113805675506591797e+01
-8.330328941345214844e+00 3.977497482299804688e+01
-1.860535812377929688e+01 1.843510246276855469e+01
-1.500920200347900391e+01 1.911718177795410156e+01
1.326212406158447266e+01 -2.917134284973144531e+01
-1.354636764526367188e+01 3.788936233520507812e+01
-2.581404685974121094e+01 2.386758613586425781e+01
1.926307487487792969e+01 -4.482193470001220703e+00
3.813693284988403320e+00 -2.781666564941406250e+01
3.021629142761230469e+01 -8.108259201049804688e+00
-2.840364646911621094e+01 1.386650085449218750e+01
3.447657227516174316e-01 -3.066050529479980469e+01
-2.432907676696777344e+01 8.818561553955078125e+00
-1.040779781341552734e+01 3.542705535888671875e+01
-2.744985198974609375e+01 2.956455802917480469e+01
-9.822436332702636719e+00 -2.033060646057128906e+01
2.197359085083007812e+01 -1.021923160552978516e+01
3.021570968627929688e+01 -8.109113693237304688e+00
3.556467437744140625e+01 1.630827713012695312e+01
1.643034744262695312e+01 -2.436575126647949219e+01
1.029442214965820312e+01 -2.837701034545898438e+01
2.276956176757812500e+01 -2.562483978271484375e+01
2.942271232604980469e+01 4.089757919311523438e+00
-2.018503379821777344e+01 6.084580898284912109e+00
-9.345422744750976562e+00 3.758881759643554688e+01
-4.234466075897216797e+00 -3.192043304443359375e+01
-1.699343109130859375e+01 2.463682556152343750e+01
-1.973655128479003906e+01 -2.585623979568481445e+00
2.014848136901855469e+01 -1.009628868103027344e+01
2.156448364257812500e+01 -1.897946548461914062e+01
-1.540360546112060547e+01 -1.919302558898925781e+01
-2.838507652282714844e+01 2.818166923522949219e+01
1.538187384605407715e+00 -1.886312294006347656e+01
2.025580406188964844e+01 -1.289052963256835938e+01
2.105625343322753906e+01 -1.490462970733642578e+01
