7.446280002593994141e+00 5.154775142669677734e+00
1.908057212829589844e+01 -2.514087867736816406e+01
-2.426182937622070312e+01 8.383857727050781250e+00
1.002991294860839844e+01 -3.209013748168945312e+01
-3.847238063812255859e+00 -3.555957031250000000e+01
-2.581996440887451172e+00 3.543400287628173828e+00
-2.570412063598632812e+01 -1.091198539733886719e+01
1.949186325073242188e+01 3.864236450195312500e+01
2.662994194030761719e+01 -1.168208980560302734e+01
1.197273063659667969e+01 -2.708443832397460938e+01
2.585510826110839844e+01 -1.470637226104736328e+01
-2.636047744750976562e+01 8.354191780090332031e+00
-6.220302581787109375e+00 -3.589245605468750000e+01
2.360394287109375000e+01 -1.751096153259277344e+01
-2.829013824462890625e+01 8.851094245910644531e+00
-1.992874908447265625e+01 7.338201045989990234e+00
2.421368217468261719e+01 -6.713758468627929688e+00
1.698840522766113281e+01 3.977307510375976562e+01
-1.457516860961914062e+01 2.576552581787109375e+01
1.591713905334472656e+01 -2.504114341735839844e+01
1.926184654235839844e+01 -2.488058280944824219e+01
1.213050556182861328e+01 -2.693040084838867188e+01
-2.036394500732421875e+01 7.455972194671630859e+00
9.484262466430664062e+00 4.274815750122070312e+01
2.439714622497558594e+01 -1.661569023132324219e+01
-1.261453247070312500e+01 5.170190334320068359e+00
2.122976493835449219e+01 2.249147415161132812e+00
-1.156952381134033203e+01 3.168723106384277344e+01
2.410761451721191406e+01 3.549062347412109375e+01
-1.385089015960693359e+01 -3.425525665283203125e+01
-1.329020595550537109e+01 -3.443854522705078125e+01
2.607748794555664062e+01 3.444535827636718750e+01
1.807275581359863281e+01 4.096503257751464844e+00
1.696355247497558594e+01 4.466377735137939453e+00
-2.501745223999023438e+01 -2.628615570068359375e+01
1.404359912872314453e+01 -2.903863525390625000e+01
-3.479923009872436523e+00 4.125636291503906250e+01
-4.711287498474121094e+00 4.390161991119384766e+00
-2.697277450561523438e+01 -1.680597686767578125e+01
1.541359138488769531e+01 -2.913681030273437500e+01
2.275344276428222656e+01 3.534566497802734375e+01
-1.897728347778320312e+01 -3.214721298217773438e+01
1.144676685333251953e+01 -2.816327667236328125e+01
3.498200178146362305e+00 4.344140625000000000e+01
-2.701862144470214844e+01 -1.879984283447265625e+01
-8.816092491149902344e+00 3.743173599243164062e+01
-2.604060363769531250e+01 -2.527150344848632812e+01
2.584567260742187500e+01 3.377750015258789062e+01
-1.435336303710937500e+01 2.719101715087890625e+01
-3.505931472778320312e+01 9.284571647644042969e+00
1.669672584533691406e+01 1.218914747238159180e+00
-1.194959735870361328e+01 3.189076805114746094e+01
2.721423387527465820e+00 4.497371292114257812e+01
-2.547669792175292969e+01 -1.141218662261962891e+01
1.693571853637695312e+01 4.277038574218750000e+00
-8.021398544311523438e+00 3.692596054077148438e+01
3.730049133300781250e+00 4.721090316772460938e+00
-3.301500701904296875e+01 9.509387016296386719e+00
2.454026222229003906e+01 -1.729162216186523438e+01
1.190023231506347656e+01 4.074154663085937500e+01
-2.588274765014648438e+01 -2.460937309265136719e+01
6.271100521087646484e+00 -3.288600158691406250e+01
-1.713713407516479492e+00 4.216038513183593750e+01
-1.534845256805419922e+01 6.401955604553222656e+00
-2.724439239501953125e+01 -1.449341392517089844e+01
2.564843368530273438e+01 -1.504220199584960938e+01
-1.956848907470703125e+01 -3.160028839111328125e+01
-1.105728340148925781e+01 5.428652763366699219e+00
1.827351188659667969e+01 3.829533386230468750e+01
-1.638537979125976562e+01 6.672635555267333984e+00
-2.552692294120788574e-01 4.990138053894042969e+00
-1.583221149444580078e+01 2.215703964233398438e+01
8.209063529968261719e+00 -3.273866653442382812e+01
-2.469020271301269531e+01 -2.711026000976562500e+01
1.785346412658691406e+01 3.897938537597656250e+01
-2.012234497070312500e+01 7.602526187896728516e+00
1.179108333587646484e+01 -3.091705131530761719e+01
-1.002799415588378906e+01 -3.549926376342773438e+01
9.103319168090820312e+00 4.731598854064941406e+00
1.190872669219970703e+01 4.228525924682617188e+01
-2.415703392028808594e+01 -2.719113349914550781e+01
-1.364377689361572266e+01 2.800880050659179688e+01
-1.565930080413818359e+01 2.398475646972656250e+01
2.681881141662597656e+01 -6.205842494964599609e+00
-1.542238426208496094e+01 2.117211914062500000e+01
-2.774802207946777344e+01 -1.558146858215332031e+01
1.837335586547851562e+01 3.916363906860351562e+01
2.018934822082519531e+01 -2.358895111083984375e+01
-3.428098297119140625e+01 9.523239135742187500e+00
1.308194255828857422e+01 -3.032915687561035156e+01
1.837041664123535156e+01 -2.601632308959960938e+01
-1.710530471801757812e+01 -3.350983428955078125e+01
-2.618841743469238281e+01 -8.028778076171875000e+00
2.548204994201660156e+01 -1.658363223075866699e+00
-2.138758468627929688e+01 7.723818302154541016e+00
1.022026348114013672e+01 4.132065963745117188e+01
2.700985336303710938e+01 -9.260260581970214844e+00
1.033454513549804688e+01 4.252690124511718750e+01
3.535459518432617188e+00 4.308636093139648438e+01
2.619154548645019531e+01 -1.290597820281982422e+01
2.291323089599609375e+01 -2.056580352783203125e+01
1.351938343048095703e+01 -2.582571411132812500e+01
-1.686966705322265625e+01 2.023820495605468750e+01
-1.503261184692382812e+01 2.532012939453125000e+01
1.645004081726074219e+01 -2.702904319763183594e+01
2.275481796264648438e+01 -1.930813026428222656e+01
9.849254608154296875e+00 4.714029788970947266e+00
-2.184671401977539062e+01 7.533712387084960938e+00
-1.617276191711425781e+01 2.288012313842773438e+01
-2.114315414428710938e+01 7.684198379516601562e+00
-7.077247142791748047e+00 3.937175750732421875e+01
1.759463119506835938e+01 4.531589508056640625e+00
1.712682342529296875e+01 -2.531067657470703125e+01
1.336233615875244141e+01 4.781107425689697266e+00
-2.750786972045898438e+01 -1.968863868713378906e+01
2.184852981567382812e+01 3.730737304687500000e+01
-2.629512596130371094e+01 -2.228905868530273438e+01
-2.558796644210815430e+00 4.182949829101562500e+01
2.401877212524414062e+01 -7.498682975769042969e+00
3.145602464675903320e+00 -3.383948898315429688e+01
-1.248743176460266113e+00 -3.507323455810546875e+01
2.398566007614135742e+00 -3.467596817016601562e+01
-1.552957344055175781e+01 5.364059448242187500e+00
2.003358459472656250e+01 3.833580780029296875e+01
-9.711244583129882812e+00 -3.531399917602539062e+01
1.098512268066406250e+01 4.040361785888671875e+01
-2.470696258544921875e+01 -2.670680236816406250e+01
5.122807979583740234e+00 5.250241756439208984e+00
-1.609915924072265625e+01 2.251458740234375000e+01
4.808890819549560547e+00 2.762441873550415039e+00
8.704100608825683594e+00 5.113190650939941406e+00
-2.389015579223632812e+01 -2.833046913146972656e+01
1.719899559020996094e+01 1.543427705764770508e+00
-7.077247142791748047e+00 3.937175750732421875e+01
-2.560383224487304688e+01 -8.724304199218750000e+00
-1.366567707061767578e+01 2.881555747985839844e+01
5.037990093231201172e+00 2.802901029586791992e+00
-3.575298690795898438e+01 9.131543159484863281e+00
-2.639197731018066406e+01 -8.086117744445800781e+00
1.021090698242187500e+01 -3.198080635070800781e+01
-2.936131095886230469e+01 9.139788627624511719e+00
-8.791675567626953125e+00 3.618861389160156250e+01
1.320201015472412109e+01 -3.053470993041992188e+01
1.861564826965332031e+01 3.400218725204467773e+00
-1.476717281341552734e+01 2.342706871032714844e+01
-8.282930374145507812e+00 3.720127868652343750e+01
2.638517570495605469e+01 -3.852287530899047852e+00
4.692585945129394531e+00 -3.344529342651367188e+01
2.096990776062011719e+01 3.588346862792968750e+01
-1.223021602630615234e+01 -3.495384216308593750e+01
-1.453820323944091797e+01 2.301129531860351562e+01
2.486250305175781250e+01 -1.986887693405151367e+00
-2.508161544799804688e+01 -5.860206604003906250e+00
-1.830392837524414062e+01 6.433735370635986328e+00
1.547122573852539062e+01 -2.936431503295898438e+01
-1.503485012054443359e+01 2.326785850524902344e+01
-1.051849555969238281e+01 4.999829292297363281e+00
1.575661849975585938e+01 -2.434778404235839844e+01
8.626944541931152344e+00 -3.093212127685546875e+01
2.082411766052246094e+01 3.782954406738281250e+01
-3.827479600906372070e+00 4.109700393676757812e+01
6.179106235504150391e+00 4.879094600677490234e+00
2.515872764587402344e+01 -1.475618958473205566e+00
-2.353302574157714844e+01 8.211827278137207031e+00
8.553790092468261719e+00 4.695034027099609375e+00
1.466577529907226562e+01 -2.959040451049804688e+01
-2.416646480560302734e+00 4.811265468597412109e+00
1.118848705291748047e+01 -3.155066108703613281e+01
-1.163747119903564453e+01 4.549019336700439453e+00
1.345230197906494141e+01 4.146109008789062500e+01
1.198709678649902344e+01 4.180822372436523438e+01
-2.665943336486816406e+01 -1.287339496612548828e+01
1.610518074035644531e+01 -2.633972549438476562e+01
2.199377250671386719e+01 3.513655853271484375e+01
2.642910957336425781e+01 -1.374118614196777344e+01
-2.472656440734863281e+01 -1.015227317810058594e+01
1.963816452026367188e+01 -2.348788070678710938e+01
2.691875267028808594e+01 -1.095016193389892578e+01
2.143678665161132812e+01 -2.167230224609375000e+01
2.325802803039550781e+01 9.283568859100341797e-01
-9.414081573486328125e+00 3.545587921142578125e+01
1.702388000488281250e+01 -2.554450798034667969e+01
1.228005218505859375e+01 4.695213794708251953e+00
-2.513231468200683594e+01 -7.357644557952880859e+00
-2.681677436828613281e+01 -1.997036170959472656e+01
-2.152963829040527344e+01 7.774650096893310547e+00
-1.356135940551757812e+01 2.785639190673828125e+01
1.833600616455078125e+01 -2.481116676330566406e+01
-2.570429992675781250e+01 -2.335025978088378906e+01
-3.721530675888061523e+00 4.282774925231933594e+00
2.337223625183105469e+01 -2.029800987243652344e+01
2.454524230957031250e+01 -1.312723040580749512e+00
5.919357776641845703e+00 4.299781417846679688e+01
2.683693885803222656e+01 -1.117376804351806641e+01
1.934215164184570312e+01 3.842723846435546875e+01
-2.027121353149414062e+01 -3.124422073364257812e+01
-2.038689804077148438e+01 6.888280868530273438e+00
-1.202369093894958496e+00 2.576547384262084961e+00
2.572981834411621094e+01 -2.761157035827636719e+00
-6.000860691070556641e+00 3.904046249389648438e+01
-1.166296672821044922e+01 3.088354492187500000e+01
-3.579107046127319336e+00 4.100086212158203125e+01
1.878652763366699219e+01 -2.497902488708496094e+01
2.317197418212890625e+01 3.602100753784179688e+01
-2.320015716552734375e+01 9.043445587158203125e+00
-2.073349952697753906e+01 7.296975135803222656e+00
-1.207881355285644531e+01 3.101102256774902344e+01
-6.694714069366455078e+00 3.900229644775390625e+01
1.165253353118896484e+01 -3.122800636291503906e+01
-2.002711677551269531e+01 -3.177438545227050781e+01
2.693316078186035156e+01 -9.853193283081054688e+00
2.493877220153808594e+01 -1.697949600219726562e+01
1.764576911926269531e+01 1.850547075271606445e+00
-2.465335273742675781e+01 -8.300941467285156250e+00
2.254211235046386719e+01 4.896866679191589355e-01
-2.390839195251464844e+01 -2.753856086730957031e+01
-8.724917769432067871e-01 3.046989440917968750e+00
-1.494446945190429688e+01 2.628907394409179688e+01
5.993990898132324219e+00 3.240817546844482422e+00
2.439469909667968750e+01 3.474653244018554688e+01
1.060455679893493652e+00 4.321303939819335938e+01
-1.501257300376892090e+00 4.960634231567382812e+00
7.373132705688476562e+00 -3.271585845947265625e+01
1.126065731048583984e+01 4.011203384399414062e+01
1.801550030708312988e+00 5.015687942504882812e+00
2.478196716308593750e+01 -7.397348284721374512e-01
-2.495327949523925781e+01 8.200490951538085938e+00
2.610857772827148438e+01 3.239471817016601562e+01
-3.276331424713134766e+00 4.562142848968505859e+00
-1.474273109436035156e+01 2.272064971923828125e+01
-4.786123275756835938e+00 -3.560444641113281250e+01
1.370581340789794922e+01 -3.023876190185546875e+01
-1.142778396606445312e+01 3.204636764526367188e+01
-2.013590431213378906e+01 -3.191897964477539062e+01
4.395151138305664062e+00 4.331854629516601562e+01
-2.630179023742675781e+01 -2.443833541870117188e+01
-1.679583549499511719e+01 1.976252555847167969e+01
1.259664154052734375e+01 3.979579162597656250e+01
2.238844490051269531e+01 -2.223613548278808594e+01
-2.623250389099121094e+01 -1.176908397674560547e+01
-2.814762306213378906e+01 -2.173869895935058594e+01
2.131143760681152344e+01 3.760912704467773438e+01
-1.118644237518310547e+01 3.243149948120117188e+01
-1.330440139770507812e+01 2.870656013488769531e+01
-1.841791725158691406e+01 -3.284586715698242188e+01
-2.323373603820800781e+01 -2.855245208740234375e+01
-2.003247833251953125e+01 -3.217415618896484375e+01
-1.367683982849121094e+01 2.368847656250000000e+01
-4.819004535675048828e+00 5.056187629699707031e+00
8.288831710815429688e+00 5.166838169097900391e+00
-3.480213165283203125e+01 8.876569747924804688e+00
-3.264413452148437500e+01 8.785403251647949219e+00
1.029969692230224609e+01 -3.203208541870117188e+01
-2.880186462402343750e+01 8.696881294250488281e+00
-2.341267108917236328e+00 -3.548928070068359375e+01
2.464352226257324219e+01 -6.256759166717529297e+00
-3.138851547241210938e+01 8.662530899047851562e+00
1.412198543548583984e+01 4.126098251342773438e+01
2.067885780334472656e+01 -2.254715538024902344e+01
-5.815730094909667969e+00 4.556947708129882812e+00
2.649720954895019531e+01 -1.062713241577148438e+01
8.944919109344482422e-01 4.300110626220703125e+01
1.677803611755371094e+01 -2.829669380187988281e+01
2.565287017822265625e+01 -5.885365486145019531e+00
1.134399652481079102e+00 -3.479803466796875000e+01
2.520004463195800781e+01 3.493221664428710938e+01
1.682024383544921875e+01 3.983300018310546875e+01
-2.908077955245971680e+00 -3.525815582275390625e+01
-2.431962585449218750e+01 -2.659060859680175781e+01
1.575995922088623047e+01 4.034645462036132812e+01
-1.448543643951416016e+01 2.588833427429199219e+01
2.506595802307128906e+01 -7.464470863342285156e+00
-2.486056709289550781e+01 8.623305320739746094e+00
-1.966703414916992188e+01 -3.157490348815917969e+01
-9.184861183166503906e+00 -3.543013381958007812e+01
-1.281708049774169922e+01 3.161235237121582031e+01
-1.125732803344726562e+01 -3.530570602416992188e+01
1.755051612854003906e+01 1.778053283691406250e+00
-2.368887901306152344e+01 7.654618740081787109e+00
-7.753350734710693359e+00 3.767087173461914062e+01
3.825576782226562500e+00 -3.417604827880859375e+01
1.070497798919677734e+01 4.184235763549804688e+01
6.690711021423339844e+00 -3.049716949462890625e+01
8.260679244995117188e+00 4.251282882690429688e+01
1.948548698425292969e+01 3.349650144577026367e+00
6.436812400817871094e+00 3.175484418869018555e+00
-2.477266120910644531e+01 -5.724174976348876953e+00
1.791168785095214844e+01 3.950002670288085938e+01
2.537660980224609375e+01 -2.504270076751708984e+00
2.579582405090332031e+01 -1.382965373992919922e+01
-1.647290229797363281e+00 -3.477489089965820312e+01
2.559340286254882812e+01 -1.544099807739257812e+01
-1.112449264526367188e+01 3.280649948120117188e+01
-2.694407081604003906e+01 -2.219384956359863281e+01
-1.551865959167480469e+01 4.621263504028320312e+00
1.628989982604980469e+01 -2.824401092529296875e+01
-1.360280799865722656e+01 5.633190631866455078e+00
-2.905189132690429688e+01 8.637687683105468750e+00
-1.249512481689453125e+01 2.834478569030761719e+01
-2.715778923034667969e+01 -1.912407684326171875e+01
1.201261806488037109e+01 5.158339023590087891e+00
-6.810357093811035156e+00 3.866907501220703125e+01
-2.599559402465820312e+01 -2.553087806701660156e+01
2.610528564453125000e+01 3.162041282653808594e+01
-2.326161193847656250e+01 -2.946099090576171875e+01
2.531830787658691406e+01 -1.514393138885498047e+01
-2.463986206054687500e+01 -1.036579704284667969e+01
-5.118877410888671875e+00 4.039355468750000000e+01
-2.623357200622558594e+01 -1.454172420501708984e+01
2.705975914001464844e+01 -6.011133670806884766e+00
1.587342453002929688e+01 4.010998916625976562e+01
9.334121704101562500e+00 4.217544555664062500e+01
4.917356014251708984e+00 4.326478576660156250e+01
1.069317913055419922e+01 -3.135759735107421875e+01
-3.336083602905273438e+01 9.628546714782714844e+00
1.544732666015625000e+01 -2.847072219848632812e+01
1.091930866241455078e+01 4.230862426757812500e+01
-1.949924087524414062e+01 -3.216345977783203125e+01
-3.743013620376586914e+00 4.080924224853515625e+01
-1.012524509429931641e+01 3.441603851318359375e+01
2.387952613830566406e+01 -1.833956527709960938e+01
-1.066989040374755859e+01 -3.633393859863281250e+01
-1.025917530059814453e+01 -3.524842071533203125e+01
1.909656906127929688e+01 -2.424475669860839844e+01
-2.553251266479492188e+01 -1.015044689178466797e+01
9.216592788696289062e+00 -3.048759460449218750e+01
2.460226821899414062e+01 3.522194290161132812e+01
-7.662670612335205078e+00 3.757513427734375000e+01
-1.686301040649414062e+01 -3.366863632202148438e+01
2.388080120086669922e+00 4.407667541503906250e+01
-1.283569049835205078e+01 2.957423591613769531e+01
2.506526374816894531e+01 3.410823440551757812e+01
-1.268764781951904297e+01 2.969382095336914062e+01
-2.005701780319213867e+00 -3.568579864501953125e+01
1.992884826660156250e+01 -2.404834175109863281e+01
2.143060493469238281e+01 -2.200035572052001953e+00
-1.792688941955566406e+01 -3.282997894287109375e+01
-2.640677070617675781e+01 8.579643249511718750e+00
-1.370622253417968750e+01 6.062839508056640625e+00
2.421524047851562500e+01 3.494389724731445312e+01
-1.699222946166992188e+01 6.902825832366943359e+00
-8.382813453674316406e+00 -3.575617980957031250e+01
-2.621644401550292969e+01 8.624624252319335938e+00
-3.202327489852905273e+00 4.247164726257324219e+00
-1.549735641479492188e+01 2.128405570983886719e+01
-2.447186660766601562e+01 -9.055463790893554688e+00
2.062408447265625000e+01 2.806784152984619141e+00
-8.596912384033203125e+00 -3.598070526123046875e+01
7.434345245361328125e+00 -3.303694915771484375e+01
2.378062486648559570e+00 5.081840038299560547e+00
2.500965690612792969e+01 3.411313247680664062e+01
1.121716022491455078e+01 5.412294387817382812e+00
-2.620049858093261719e+01 -1.125131893157958984e+01
-1.187157535552978516e+01 5.948361396789550781e+00
1.402464962005615234e+01 4.775477409362792969e+00
-2.708453941345214844e+01 -2.116366577148437500e+01
-2.731445884704589844e+01 -2.066228294372558594e+01
2.021242713928222656e+01 -2.315596580505371094e+01
-1.574153041839599609e+01 2.231385612487792969e+01
2.428792953491210938e+01 -1.970786857604980469e+01
-4.602174758911132812e+00 4.094679260253906250e+01
-3.291451263427734375e+01 8.942005157470703125e+00
5.741590499877929688e+00 -3.219110107421875000e+01
-2.643341255187988281e+01 -1.355513191223144531e+01
-3.105527877807617188e+01 8.814435958862304688e+00
2.639811897277832031e+01 -3.784757614135742188e+00
2.563859558105468750e+01 -1.386033058166503906e+01
-3.942492485046386719e+00 4.134840011596679688e+01
-3.304836511611938477e+00 4.153507232666015625e+01
1.553787994384765625e+01 4.042834854125976562e+01
-2.153049468994140625e+01 7.230964183807373047e+00
-1.690506744384765625e+01 -3.379522323608398438e+01
-1.642609786987304688e+01 -3.356517410278320312e+01
1.172307014465332031e+01 -2.748085975646972656e+01
2.298227119445800781e+01 -1.892318344116210938e+01
-1.032423377037048340e+00 4.446402549743652344e+00
-1.613409423828125000e+01 -3.382106018066406250e+01
2.360725212097167969e+01 3.550736999511718750e+01
-3.740586757659912109e+00 -3.543839645385742188e+01
1.744062614440917969e+01 -2.532213401794433594e+01
4.981232166290283203e+00 4.330154037475585938e+01
-5.571375489234924316e-01 4.250988006591796875e+01
2.694319534301757812e+01 -9.414779663085937500e+00
-2.032180595397949219e+01 -3.214656066894531250e+01
4.032210350036621094e+00 4.284955215454101562e+01
1.367932987213134766e+01 4.977248191833496094e+00
1.993584632873535156e+01 3.824948883056640625e+01
2.747347354888916016e+00 -3.467960739135742188e+01
3.100304603576660156e+00 4.296599960327148438e+01
5.324357509613037109e+00 -3.385762023925781250e+01
-2.640584564208984375e+01 -1.101447963714599609e+01
2.275809669494628906e+01 -1.998765182495117188e+01
-6.031943798065185547e+00 3.983543777465820312e+01
1.278910636901855469e+01 5.362839698791503906e+00
2.110518074035644531e+01 -2.162798118591308594e+01
-1.376895332336425781e+01 2.323415756225585938e+01
2.544611930847167969e+01 -8.999348878860473633e-01
2.287399864196777344e+01 -2.055068016052246094e+01
2.642734336853027344e+01 -5.523531913757324219e+00
1.494670295715332031e+01 4.606664180755615234e+00
1.379975032806396484e+01 -2.997571182250976562e+01
1.067207717895507812e+01 4.252096557617187500e+01
2.489570426940917969e+01 3.464963150024414062e+01
-4.410033226013183594e+00 -3.559159851074218750e+01
2.593779182434082031e+01 -1.359999275207519531e+01
1.553787994384765625e+01 4.042834854125976562e+01
1.841872596740722656e+01 -2.507666015625000000e+01
1.304412078857421875e+01 4.216049671173095703e+00
1.935283851623535156e+01 3.877477645874023438e+01
-5.558777809143066406e+00 2.966676473617553711e+00
2.595002937316894531e+01 3.336480712890625000e+01
2.154424858093261719e+01 -1.232247710227966309e+00
-2.339140892028808594e+01 8.177150726318359375e+00
2.612004089355468750e+01 3.214414215087890625e+01
-1.651584434509277344e+01 2.196005058288574219e+01
9.524387359619140625e+00 5.648352622985839844e+00
-2.619053840637207031e+01 -1.215827560424804688e+01
1.344667625427246094e+01 -3.053903198242187500e+01
1.093545532226562500e+01 -3.153861045837402344e+01
-2.518413925170898438e+01 -9.296141624450683594e+00
-8.129074096679687500e+00 4.727522373199462891e+00
-1.464100456237792969e+01 2.631781387329101562e+01
2.544281196594238281e+01 -5.556432723999023438e+00
-3.283218002319335938e+01 8.832335472106933594e+00
2.196710777282714844e+01 2.046042680740356445e+00
-2.321565818786621094e+01 -2.899385643005371094e+01
8.813428282737731934e-01 4.307242584228515625e+01
-2.654350662231445312e+01 -2.060854911804199219e+01
1.402912139892578125e+01 4.782309055328369141e+00
-3.587602996826171875e+01 9.238239288330078125e+00
8.685534477233886719e+00 5.897893905639648438e+00
2.392075538635253906e+00 -3.442977523803710938e+01
-1.384518146514892578e+01 2.694993209838867188e+01
-2.479234313964843750e+01 -2.659440422058105469e+01
2.032770156860351562e+01 -2.315500068664550781e+01
2.134130859375000000e+01 3.748395538330078125e+01
-1.093659281730651855e+00 -3.488294601440429688e+01
-2.504303932189941406e+00 -3.573363876342773438e+01
1.307091999053955078e+01 4.163228225708007812e+01
-2.674060440063476562e+01 -2.250639152526855469e+01
9.781982302665710449e-01 -3.469985580444335938e+01
-8.956987380981445312e+00 4.144871711730957031e+00
-2.600050926208496094e+01 -7.750103473663330078e+00
-9.607748031616210938e+00 3.533613204956054688e+01
-1.308960723876953125e+01 6.086115360260009766e+00
-1.414731407165527344e+01 2.685812568664550781e+01
-2.267499160766601562e+01 -2.931637573242187500e+01
-2.664991950988769531e+01 -2.013248825073242188e+01
2.612951278686523438e+01 -1.355372428894042969e+01
-2.278051137924194336e+00 -3.484810638427734375e+01
-9.794471740722656250e+00 -3.688914871215820312e+01
2.429067850112915039e+00 -3.279497146606445312e+01
2.425629234313964844e+01 1.486877351999282837e-01
-3.343406677246093750e+01 9.095036506652832031e+00
-2.157939672470092773e+00 4.302641677856445312e+01
-1.757151222229003906e+01 -3.325558090209960938e+01
-1.992493629455566406e+01 -3.241219329833984375e+01
-1.564198875427246094e+01 2.127969932556152344e+01
1.594585514068603516e+01 -2.870841217041015625e+01
-2.718159866333007812e+01 -1.649413871765136719e+01
-2.663984680175781250e+01 -1.311833572387695312e+01
2.495197296142578125e+01 -1.573179435729980469e+01
2.609388542175292969e+01 -1.212597942352294922e+01
2.287437438964843750e+01 -1.848284721374511719e+01
-8.991189956665039062e+00 3.604288864135742188e+01
2.569905471801757812e+01 -2.251441240310668945e+00
2.411967849731445312e+01 -1.130632638931274414e+00
-1.292229652404785156e+01 2.851333045959472656e+01
-1.356414890289306641e+01 6.199326038360595703e+00
-2.887202835083007812e+01 8.674328804016113281e+00
3.569365024566650391e+00 -3.420910644531250000e+01
6.876577377319335938e+00 -3.345860671997070312e+01
1.009555530548095703e+01 -3.175707817077636719e+01
-1.220007514953613281e+01 3.024261474609375000e+01
-1.816631698608398438e+01 5.888053417205810547e+00
-9.853985786437988281e+00 -3.540539550781250000e+01
-8.383345603942871094e+00 3.653148269653320312e+01
-2.605136299133300781e+01 -2.315332603454589844e+01
2.720014572143554688e+01 -7.863896846771240234e+00
-3.006322669982910156e+01 8.671387672424316406e+00
2.721330451965332031e+01 -7.794442653656005859e+00
9.758056640625000000e+00 -3.214334487915039062e+01
9.222193717956542969e+00 4.229195404052734375e+01
2.207838439941406250e+01 1.139272898435592651e-01
-1.162585830688476562e+01 3.292574691772460938e+01
-7.057025909423828125e+00 -3.570984268188476562e+01
2.436901664733886719e+01 -1.717313575744628906e+01
8.484919667243957520e-01 4.271421051025390625e+01
2.165283775329589844e+01 6.071466803550720215e-01
7.976325035095214844e+00 -3.241559982299804688e+01
-8.700171470642089844e+00 4.713437080383300781e+00
-2.562261772155761719e+01 -2.431887054443359375e+01
-1.594899082183837891e+01 6.558015346527099609e+00
4.774613380432128906e+00 3.344342947006225586e+00
-2.456834411621093750e+01 -6.310405254364013672e+00
-3.958080768585205078e+00 4.628017902374267578e+00
1.290514373779296875e+01 -3.045511436462402344e+01
2.344321060180664062e+01 1.145933508872985840e+00
-8.021398544311523438e+00 3.692596054077148438e+01
-3.246571779251098633e+00 4.195698928833007812e+01
-4.888656139373779297e+00 -3.559237670898437500e+01
-4.744863033294677734e+00 4.008863449096679688e+01
1.470131301879882812e+01 4.007152557373046875e+01
6.246179103851318359e+00 -3.320984649658203125e+01
-2.980287551879882812e+01 9.686483383178710938e+00
-2.613685035705566406e+01 -1.028400516510009766e+01
-5.384804010391235352e-01 4.322154521942138672e+00
1.795990180969238281e+01 3.372950077056884766e+00
-3.437845993041992188e+01 8.892211914062500000e+00
-4.230326175689697266e+00 5.010344982147216797e+00
-2.657819747924804688e+01 -8.094152450561523438e+00
3.780921936035156250e+00 4.365318298339843750e+01
-1.288867950439453125e+01 -3.466307067871093750e+01
2.671971511840820312e+01 -8.056790351867675781e+00
-9.789323806762695312e+00 3.490177154541015625e+01
-2.448553276062011719e+01 7.803056240081787109e+00
-2.425434494018554688e+01 -6.436029434204101562e+00
-1.080738258361816406e+01 3.168900489807128906e+01
-1.297959423065185547e+01 -3.614494323730468750e+01
-1.236886405944824219e+01 5.970275878906250000e+00
-1.605484771728515625e+01 -3.378850936889648438e+01
1.336923694610595703e+01 4.119754409790039062e+01
-2.304481315612792969e+01 -2.858946990966796875e+01
2.291510391235351562e+01 -1.894731903076171875e+01
-1.430118083953857422e+01 6.326063156127929688e+00
5.920059204101562500e+00 5.183934211730957031e+00
-2.390429878234863281e+01 -2.762682723999023438e+01
-2.285517501831054688e+01 -2.920984649658203125e+01
1.254219532012939453e+01 -3.106445884704589844e+01
2.573685646057128906e+01 -1.362068939208984375e+01
-1.163584136962890625e+01 5.009538650512695312e+00
-2.573215723037719727e+00 -3.524868774414062500e+01
-6.513372898101806641e+00 -3.650139236450195312e+01
1.172688198089599609e+01 4.212079238891601562e+01
-1.320714831352233887e+00 4.078557014465332031e+00
-2.599125862121582031e+01 -1.043492221832275391e+01
4.366155147552490234e+00 5.568370342254638672e+00
-1.921536827087402344e+01 -3.178498458862304688e+01
1.529257583618164062e+01 4.293942928314208984e+00
-2.585106277465820312e+01 -2.401518440246582031e+01
2.536745071411132812e+01 3.446672058105468750e+01
-9.848778724670410156e+00 3.494784164428710938e+01
-2.249764060974121094e+01 -2.956743240356445312e+01
7.159682273864746094e+00 4.851178169250488281e+00
-2.405935096740722656e+01 8.186079978942871094e+00
-2.777307510375976562e+01 -1.658921241760253906e+01
1.918726921081542969e+01 3.822120189666748047e+00
-1.631923294067382812e+01 2.255232048034667969e+01
1.539029407501220703e+01 -2.632100296020507812e+01
-2.663984680175781250e+01 -1.311833572387695312e+01
-1.797623443603515625e+01 6.734358787536621094e+00
-4.332049846649169922e+00 3.840954589843750000e+01
-2.079708480834960938e+01 7.082340717315673828e+00
-2.655257987976074219e+01 -1.608086395263671875e+01
2.444756889343261719e+01 -7.455795764923095703e+00
-7.827875614166259766e+00 3.725010681152343750e+01
-2.620589256286621094e+01 8.247568130493164062e+00
-1.184382057189941406e+01 -3.488149261474609375e+01
-2.618780136108398438e+00 4.253514099121093750e+01
-1.386419963836669922e+01 2.464842224121093750e+01
1.267172241210937500e+01 -3.029413032531738281e+01
-3.162949562072753906e+01 8.940511703491210938e+00
1.142390918731689453e+01 5.203314304351806641e+00
-7.907811164855957031e+00 4.951144695281982422e+00
2.398670959472656250e+01 -2.046774482727050781e+01
2.690935516357421875e+01 -1.183981895446777344e+01
5.009930133819580078e+00 4.582660198211669922e+00
2.197772216796875000e+01 8.879849314689636230e-01
1.237658691406250000e+01 -2.650940132141113281e+01
1.691527938842773438e+01 3.925279617309570312e+01
-1.069827079772949219e+01 3.325408935546875000e+01
-2.551709365844726562e+01 -7.303854942321777344e+00
-7.795684337615966797e+00 5.021565437316894531e+00
-2.483019828796386719e+00 4.165566253662109375e+01
2.170051574707031250e+01 8.978490829467773438e-01
-1.416289710998535156e+01 2.772137260437011719e+01
2.492087936401367188e+01 -2.895195186138153076e-01
2.315853118896484375e+01 -1.815557289123535156e+01
-2.743004608154296875e+01 -1.578742027282714844e+01
2.588075447082519531e+01 -6.639788627624511719e+00
-1.120247268676757812e+01 -3.495716857910156250e+01
-2.687117385864257812e+01 -1.064698505401611328e+01
-1.167966270446777344e+01 -3.532133102416992188e+01
-1.249450969696044922e+01 5.514499187469482422e+00
-1.484383773803710938e+01 6.323161125183105469e+00
-2.083119010925292969e+01 7.719515323638916016e+00
-1.395391368865966797e+01 4.699864387512207031e+00
-2.665047073364257812e+01 -1.353781604766845703e+01
-2.682411384582519531e+01 -1.573206424713134766e+01
2.132560348510742188e+01 1.521772742271423340e+00
-1.683441352844238281e+01 6.483715534210205078e+00
-2.562703323364257812e+01 -7.996186733245849609e+00
-9.220946311950683594e+00 3.563825607299804688e+01
2.648695945739746094e+01 -1.268574905395507812e+01
3.377288341522216797e+00 5.140256881713867188e+00
-8.207656860351562500e+00 -3.553131484985351562e+01
-3.162753295898437500e+01 9.792095184326171875e+00
8.288009643554687500e+00 -3.292847442626953125e+01
1.273804378509521484e+01 4.134008789062500000e+01
4.205366134643554688e+00 5.427850246429443359e+00
-1.906989479064941406e+01 -3.271810913085937500e+01
1.833378410339355469e+01 3.705553817749023438e+01
-5.977326869964599609e+00 -3.563942337036132812e+01
1.998950958251953125e+01 3.732527542114257812e+01
2.135715866088867188e+01 -1.617573142051696777e+00
1.930418777465820312e+01 -2.419297981262207031e+01
-7.011116027832031250e+00 4.821508407592773438e+00
-3.056425285339355469e+01 9.556752204895019531e+00
-3.831450939178466797e+00 3.087637901306152344e+00
-9.881196975708007812e+00 4.350292682647705078e+00
2.582654953002929688e+01 -2.277989387512207031e+00
-2.231002044677734375e+01 7.685998439788818359e+00
2.609763526916503906e+01 3.249946212768554688e+01
2.491231727600097656e+01 -8.922390937805175781e+00
-1.872587394714355469e+01 6.313642978668212891e+00
-3.514638137817382812e+01 8.970001220703125000e+00
-5.099997997283935547e+00 3.609715461730957031e+00
-7.397029995918273926e-01 4.952194213867187500e+00
1.287513065338134766e+01 -3.099285316467285156e+01
1.806133270263671875e+01 3.720230865478515625e+01
-1.553971290588378906e+01 2.306909942626953125e+01
-2.483019828796386719e+00 4.165566253662109375e+01
1.391852259635925293e+00 -3.288969802856445312e+01
-9.098484039306640625e+00 3.574352645874023438e+01
-1.246265029907226562e+01 -3.582127761840820312e+01
8.766270637512207031e+00 5.594513893127441406e+00
-1.516878700256347656e+01 -3.418410491943359375e+01
2.424106407165527344e+01 3.485865783691406250e+01
-6.008965015411376953e+00 3.912226104736328125e+01
-2.549526786804199219e+01 -2.392710304260253906e+01
1.813442420959472656e+01 3.903941726684570312e+01
8.049578666687011719e+00 4.267501831054687500e+01
1.142527103424072266e+01 -2.805584907531738281e+01
1.726347923278808594e+01 -2.764706039428710938e+01
2.456408309936523438e+01 3.524277877807617188e+01
9.820363998413085938e+00 4.172537612915039062e+01
1.594480228424072266e+01 -2.779567909240722656e+01
-2.052469635009765625e+01 -3.158901023864746094e+01
1.714236450195312500e+01 -2.764039421081542969e+01
-1.604537773132324219e+01 2.328922462463378906e+01
-4.535731315612792969e+00 4.117055892944335938e+01
-5.008124351501464844e+00 4.843068122863769531e+00
-8.766508102416992188e+00 3.675194168090820312e+01
2.505860710144042969e+01 -1.460681056976318359e+01
-1.392565250396728516e+01 5.847645759582519531e+00
2.619314384460449219e+01 -1.100797367095947266e+01
-1.324450397491455078e+01 5.184894084930419922e+00
6.884417057037353516e+00 -3.196998596191406250e+01
-1.006916809082031250e+01 -3.573523330688476562e+01
-9.166498184204101562e+00 -3.556324005126953125e+01
-2.252766370773315430e+00 4.186284637451171875e+01
1.031906414031982422e+01 4.256740093231201172e+00
-1.306509685516357422e+01 2.708505439758300781e+01
-2.345115089416503906e+01 -2.902292251586914062e+01
2.082738304138183594e+01 2.628527879714965820e+00
2.499587821960449219e+01 3.496625137329101562e+01
-1.986896705627441406e+01 7.069390773773193359e+00
-2.659568023681640625e+01 -2.072229194641113281e+01
2.001964378356933594e+01 3.184455394744873047e+00
2.589278793334960938e+01 -1.096769237518310547e+01
-2.750786972045898438e+01 -1.968863868713378906e+01
1.041643333435058594e+01 5.202379703521728516e+00
-6.990210533142089844e+00 -3.536492156982421875e+01
-2.666384696960449219e+01 -2.439502143859863281e+01
2.238314056396484375e+01 3.696998214721679688e+01
-1.364815998077392578e+01 -3.513986206054687500e+01
2.083354949951171875e+01 2.770910739898681641e+00
2.213466072082519531e+01 3.706728363037109375e+01
-2.867412757873535156e+01 8.925558090209960938e+00
1.868399238586425781e+01 3.885181427001953125e+00
2.086157989501953125e+01 3.765960693359375000e+01
4.169521331787109375e+00 4.301108932495117188e+01
2.258477401733398438e+01 3.620951461791992188e+01
-6.417369365692138672e+00 3.916341400146484375e+01
1.742830657958984375e+01 4.081899523735046387e-01
2.397385787963867188e+01 -8.223804473876953125e+00
1.207433414459228516e+01 4.263497352600097656e+00
-2.742700099945068359e+00 -3.517648696899414062e+01
2.205130195617675781e+01 3.720881652832031250e+01
-8.110962867736816406e+00 5.130396842956542969e+00
-2.550606155395507812e+01 -5.657061576843261719e+00
5.062578678131103516e+00 4.278170394897460938e+01
-5.999003887176513672e+00 4.009416198730468750e+01
-6.156077861785888672e+00 4.815398693084716797e+00
-8.513028144836425781e+00 3.735239028930664062e+01
1.393811893463134766e+01 4.112606811523437500e+01
1.765933799743652344e+01 4.159664154052734375e+00
1.497588920593261719e+01 -2.924173164367675781e+01
1.557745647430419922e+01 -2.832269096374511719e+01
-2.465487480163574219e+01 -2.722461318969726562e+01
2.558607482910156250e+01 -3.389292001724243164e+00
4.074404716491699219e+00 5.189669609069824219e+00
-3.324074268341064453e+00 4.156256866455078125e+01
-2.021136760711669922e+00 4.252933502197265625e+00
-1.411375617980957031e+01 2.571514320373535156e+01
2.681093978881835938e+01 -1.450221824645996094e+01
-1.037867164611816406e+01 5.419612407684326172e+00
2.737743759155273438e+01 -8.380875587463378906e+00
-1.662304115295410156e+01 2.092794609069824219e+01
1.056267452239990234e+01 4.186507034301757812e+01
-1.546342754364013672e+01 -3.421772384643554688e+01
1.481933879852294922e+01 4.028346633911132812e+01
2.741797447204589844e+01 -9.273252487182617188e+00
-2.819875907897949219e+01 -1.513885116577148438e+01
2.292409706115722656e+01 3.525845718383789062e+01
2.658549499511718750e+01 -1.134406757354736328e+01
7.729094982147216797e+00 5.727140903472900391e+00
-1.282232952117919922e+01 -3.491815948486328125e+01
-3.370489501953125000e+01 8.868727684020996094e+00
3.044702529907226562e+00 4.331985473632812500e+01
-1.451614952087402344e+01 -3.441630554199218750e+01
-2.582662963867187500e+01 8.599538803100585938e+00
6.630031108856201172e+00 -3.260859680175781250e+01
-2.466653060913085938e+01 -1.016187477111816406e+01
-2.879689931869506836e+00 4.327230453491210938e+00
2.388123703002929688e+01 -1.617383003234863281e+00
-1.387954998016357422e+01 2.566782188415527344e+01
-2.006732749938964844e+01 -3.258230590820312500e+01
-2.366340065002441406e+01 -2.807236289978027344e+01
-9.013518333435058594e+00 5.244567394256591797e+00
2.102931785583496094e+01 -2.185807037353515625e+01
2.531598854064941406e+01 -1.666549682617187500e+01
2.399852037429809570e+00 4.274269485473632812e+01
2.152213859558105469e+01 3.751490783691406250e+01
-2.794382095336914062e+01 8.755114555358886719e+00
2.715940666198730469e+01 -8.682017326354980469e+00
-3.113429450988769531e+01 8.837188720703125000e+00
-2.485208511352539062e+01 -5.032758712768554688e+00
-2.738350486755371094e+01 -2.205881690979003906e+01
-1.562862491607666016e+01 2.481835365295410156e+01
-1.510577011108398438e+01 5.436840057373046875e+00
1.530176734924316406e+01 4.059583282470703125e+01
2.192603683471679688e+01 -2.032176399230957031e+01
1.600645637512207031e+01 4.050802993774414062e+01
-6.894988059997558594e+00 -3.658455657958984375e+01
2.630797958374023438e+01 -4.520037651062011719e+00
2.343595695495605469e+01 1.621959060430526733e-01
-1.464100742340087891e+01 2.631779479980468750e+01
2.163187980651855469e+01 -2.280974960327148438e+01
9.559178352355957031e+00 4.973268985748291016e+00
3.474104166030883789e+00 -3.457176589965820312e+01
3.552885055541992188e-01 4.282136535644531250e+01
-5.051467895507812500e+00 -3.575317382812500000e+01
2.378737831115722656e+01 -8.295981407165527344e+00
-3.579463577270507812e+01 9.186228752136230469e+00
1.309413528442382812e+01 5.127087593078613281e+00
2.697448539733886719e+01 -1.022093677520751953e+01
-1.087284088134765625e+01 3.295512390136718750e+01
-1.400572299957275391e+01 2.809215164184570312e+01
2.007108688354492188e+00 -3.461933135986328125e+01
1.579900169372558594e+01 4.380783081054687500e+00
1.360926628112792969e+00 -3.512556457519531250e+01
2.464738845825195312e+01 -1.358656764030456543e+00
7.944775581359863281e+00 5.441865444183349609e+00
-4.651455402374267578e+00 4.039902114868164062e+01
-1.878653883934020996e+00 4.631194114685058594e+00
-3.045429039001464844e+01 9.894528388977050781e+00
-1.802908897399902344e+01 5.806260585784912109e+00
4.564202308654785156e+00 5.739050388336181641e+00
-4.424593448638916016e+00 3.952608823776245117e+00
1.797627258300781250e+01 3.780352115631103516e+00
9.222192764282226562e+00 4.229195404052734375e+01
2.335126495361328125e+01 3.575570678710937500e+01
4.517661571502685547e+00 5.208593368530273438e+00
1.028285694122314453e+01 5.534672737121582031e+00
-3.589832305908203125e+01 9.286357879638671875e+00
-2.423918914794921875e+01 -2.789195632934570312e+01
1.712053298950195312e+01 3.609260559082031250e+00
4.273673534393310547e+00 4.802753448486328125e+00
-1.170374488830566406e+01 -3.476087951660156250e+01
1.849706077575683594e+01 3.927585601806640625e+01
-2.749428367614746094e+01 -1.690085220336914062e+01
-2.676685333251953125e+01 -1.492707061767578125e+01
-2.593412208557128906e+01 -7.406029701232910156e+00
4.824887275695800781e+00 4.842642307281494141e+00
-2.641205406188964844e+01 -2.351552200317382812e+01
-1.929113960266113281e+01 -3.182417488098144531e+01
-1.313011550903320312e+01 -3.534490585327148438e+01
8.510766029357910156e+00 -3.091360092163085938e+01
-1.338107490539550781e+01 -3.521558380126953125e+01
2.243346691131591797e+00 -3.266537857055664062e+01
-2.508164405822753906e+01 -5.860240936279296875e+00
-2.708453941345214844e+01 -2.116366577148437500e+01
-2.809610176086425781e+01 -1.945782470703125000e+01
1.156772804260253906e+01 4.158564376831054688e+01
-1.030880832672119141e+01 5.222162246704101562e+00
-2.768722724914550781e+01 8.544191360473632812e+00
5.981515407562255859e+00 -3.248802566528320312e+01
-1.166356849670410156e+01 -3.534842681884765625e+01
2.459364509582519531e+01 3.440906143188476562e+01
-3.496565246582031250e+01 8.873707771301269531e+00
2.213912391662597656e+01 7.471162676811218262e-01
2.404383850097656250e+01 -1.749004554748535156e+01
-1.361731147766113281e+01 -3.459310150146484375e+01
2.090011978149414062e+01 3.517960739135742188e+01
1.659910082817077637e+00 4.285048294067382812e+01
3.052294731140136719e+00 -3.335985946655273438e+01
-2.650158691406250000e+01 -2.133675575256347656e+01
-7.318905830383300781e+00 4.845210075378417969e+00
-6.865819454193115234e+00 -3.624427795410156250e+01
-2.712646293640136719e+01 -2.091289329528808594e+01
-2.584935188293457031e+01 -2.407681274414062500e+01
-1.245731353759765625e+01 5.319521427154541016e+00
-1.422131633758544922e+01 -3.521842193603515625e+01
-5.961977958679199219e+00 3.934920883178710938e+01
-5.485202789306640625e+00 3.969571304321289062e+01
2.624461936950683594e+01 -1.251259040832519531e+01
-1.449473953247070312e+01 2.436288642883300781e+01
-2.719390678405761719e+01 -1.925247383117675781e+01
-5.607980728149414062e+00 -3.572876358032226562e+01
1.956640243530273438e+01 -2.366524505615234375e+01
-2.466251373291015625e+01 -5.208815097808837891e+00
1.795891761779785156e+01 -2.667083168029785156e+01
1.651026535034179688e+01 4.186420917510986328e+00
-1.143023586273193359e+01 3.194618988037109375e+01
3.736420631408691406e+00 5.348097324371337891e+00
2.419153594970703125e+01 -1.712716579437255859e+00
-1.270419311523437500e+01 2.972079277038574219e+01
6.766760349273681641e+00 -3.113339042663574219e+01
-1.533685684204101562e+01 2.238042068481445312e+01
-2.725152015686035156e+01 -1.773301887512207031e+01
2.231347465515136719e+01 1.298318028450012207e+00
-2.820955038070678711e+00 -3.580859756469726562e+01
-2.633041381835937500e+01 -1.085193824768066406e+01
-1.273390388488769531e+01 6.006272792816162109e+00
7.292922973632812500e+00 5.145887374877929688e+00
-1.289950275421142578e+01 3.055559539794921875e+01
-2.640674400329589844e+01 -2.316508293151855469e+01
9.718493461608886719e+00 4.264037704467773438e+01
9.247966766357421875e+00 4.795410633087158203e+00
-6.579108238220214844e+00 4.867123126983642578e+00
-3.922160148620605469e+00 4.997710704803466797e+00
1.667273330688476562e+01 1.467845082283020020e+00
-1.956260871887207031e+01 6.925794124603271484e+00
2.572459983825683594e+01 3.450469207763671875e+01
1.370085620880126953e+01 4.154841232299804688e+01
1.924734497070312500e+01 3.261931180953979492e+00
-7.731371521949768066e-01 -3.427498245239257812e+01
2.484232521057128906e+01 -1.913354682922363281e+01
2.403599548339843750e+01 -6.601683616638183594e+00
-1.207119178771972656e+01 5.671511173248291016e+00
1.521085643768310547e+01 -2.547775268554687500e+01
-2.704337120056152344e+01 -1.493154907226562500e+01
1.880955505371093750e+01 3.878640413284301758e+00
-8.327021598815917969e+00 3.892008781433105469e+00
-2.517171669006347656e+01 -7.026799201965332031e+00
4.705775737762451172e+00 -3.411990737915039062e+01
-3.226796722412109375e+01 9.190011024475097656e+00
6.717789173126220703e+00 5.198429584503173828e+00
-1.198624038696289062e+01 5.222716808319091797e+00
-2.719481468200683594e+01 -1.627615928649902344e+01
-1.073017120361328125e+01 5.229969978332519531e+00
1.226006221771240234e+01 -3.061467170715332031e+01
2.564192581176757812e+01 -2.725160360336303711e+00
-5.682044506072998047e+00 4.758437156677246094e+00
3.304564714431762695e+00 4.849885940551757812e+00
4.774152278900146484e+00 2.732627153396606445e+00
1.430163574218750000e+01 4.703753471374511719e+00
1.233906650543212891e+01 -2.862354087829589844e+01
-3.124616622924804688e+01 9.045449256896972656e+00
-1.470897865295410156e+01 -3.453072357177734375e+01
-9.398314476013183594e+00 4.732599735260009766e+00
1.196119022369384766e+01 5.342342376708984375e+00
9.913439750671386719e-01 -3.509341049194335938e+01
-1.221025085449218750e+01 3.023447227478027344e+01
-2.336925315856933594e+01 8.014130592346191406e+00
-1.879331350326538086e+00 -3.537014770507812500e+01
-2.584629249572753906e+01 8.108287811279296875e+00
2.388080120086669922e+00 4.407667541503906250e+01
-2.513231468200683594e+01 -7.357644557952880859e+00
-6.984020233154296875e+00 -3.648556137084960938e+01
1.515579986572265625e+01 3.966550064086914062e+01
7.351051807403564453e+00 5.775343418121337891e+00
-1.432436943054199219e+01 2.361883735656738281e+01
3.580876827239990234e+00 -3.459103775024414062e+01
-2.686968994140625000e+01 -1.191732025146484375e+01
2.610664176940917969e+01 3.166851806640625000e+01
1.987741112709045410e+00 -3.506975173950195312e+01
-1.251013469696044922e+01 3.197780799865722656e+01
-1.604202461242675781e+01 2.162165260314941406e+01
-1.348655223846435547e+01 2.654559898376464844e+01
2.216430282592773438e+01 -2.005382156372070312e+01
2.627863168716430664e+00 5.146640300750732422e+00
3.954180002212524414e+00 4.378318023681640625e+01
2.425221633911132812e+01 -1.705571937561035156e+01
-2.544782066345214844e+01 -9.434818267822265625e+00
-2.631975173950195312e+01 -1.095304298400878906e+01
1.481745624542236328e+01 -2.996602249145507812e+01
1.854312515258789062e+01 3.466095209121704102e+00
3.783616781234741211e+00 4.282797241210937500e+01
-2.067464637756347656e+01 -3.148101615905761719e+01
1.472705459594726562e+01 -2.848411369323730469e+01
6.137283325195312500e+00 -3.152795410156250000e+01
2.419466400146484375e+01 -1.558683753013610840e+00
-1.436616897583007812e+01 6.372271537780761719e+00
2.174834060668945312e+01 -2.078348922729492188e+01
-3.314098596572875977e+00 -3.585513305664062500e+01
-3.641742706298828125e+01 9.689985275268554688e+00
-2.880440330505371094e+01 9.538532257080078125e+00
1.201278305053710938e+01 -2.658206748962402344e+01
-3.379484558105468750e+01 9.407180786132812500e+00
2.577164459228515625e+01 3.363095092773437500e+01
-2.789348220825195312e+01 -1.467186737060546875e+01
-3.325681304931640625e+01 9.722949981689453125e+00
-2.504999351501464844e+01 -2.585391235351562500e+01
1.871223068237304688e+01 -2.450601577758789062e+01
2.386175727844238281e+01 -1.957977867126464844e+01
4.312670707702636719e+00 -3.350452423095703125e+01
-2.562581634521484375e+01 -7.479073524475097656e+00
2.571224021911621094e+01 -1.732200503349304199e+00
-1.654455184936523438e+01 2.275664329528808594e+01
2.367317390441894531e+01 -2.004602050781250000e+01
2.521549415588378906e+01 -1.959764099121093750e+01
2.551658630371093750e+00 -3.441082382202148438e+01
8.940307617187500000e+00 4.270822143554687500e+01
2.382909965515136719e+01 -1.106556653976440430e+00
-4.616521358489990234e+00 -3.588665008544921875e+01
2.090938568115234375e+01 7.169388532638549805e-01
-1.701745796203613281e+01 6.634336948394775391e+00
-2.510082817077636719e+01 -2.511155128479003906e+01
2.635795593261718750e+01 -1.553355216979980469e+01
2.432339668273925781e+01 -6.420891284942626953e+00
-2.715778923034667969e+01 -1.912407875061035156e+01
-7.565809726715087891e+00 3.768492126464843750e+01
2.468236160278320312e+01 -1.833335685729980469e+01
-3.421106338500976562e+01 9.034801483154296875e+00
3.942342281341552734e+00 -3.403845977783203125e+01
2.380931091308593750e+01 -6.041903495788574219e+00
1.443067646026611328e+01 4.083724212646484375e+01
-1.001957988739013672e+01 3.463205718994140625e+01
2.619576644897460938e+01 -3.961131095886230469e+00
-9.512099266052246094e+00 3.670331192016601562e+01
-2.969444656372070312e+01 8.702547073364257812e+00
6.544345855712890625e+00 -3.232225799560546875e+01
-4.205427646636962891e+00 5.071424484252929688e+00
4.607730865478515625e+00 4.457787036895751953e+00
2.031110000610351562e+01 2.699446916580200195e+00
-9.631773948669433594e+00 3.606399536132812500e+01
-1.850618553161621094e+01 6.538789749145507812e+00
1.822226333618164062e+01 -2.654285049438476562e+01
2.565614700317382812e+01 -9.385098457336425781e+00
-2.567792320251464844e+01 -8.494452476501464844e+00
-7.735190391540527344e+00 3.887924957275390625e+01
1.098521804809570312e+01 -3.103491592407226562e+01
1.197335529327392578e+01 -3.125573921203613281e+01
-2.724656677246093750e+01 8.605239868164062500e+00
5.604788303375244141e+00 5.459086418151855469e+00
1.775538825988769531e+01 3.897054290771484375e+01
-2.435996818542480469e+01 -2.773975372314453125e+01
1.016234397888183594e+01 4.047730636596679688e+01
-4.740657329559326172e+00 4.734142780303955078e+00
2.190866470336914062e+00 4.300770187377929688e+01
-2.722672080993652344e+01 -1.504145812988281250e+01
-1.330440139770507812e+01 2.870656013488769531e+01
5.703435420989990234e+00 -3.280916976928710938e+01
-1.374292850494384766e+00 4.230392837524414062e+01
1.820693016052246094e+01 3.832438468933105469e+00
3.159835338592529297e+00 4.319648361206054688e+01
-2.524040222167968750e+01 8.450373649597167969e+00
-1.542702674865722656e+01 5.767281532287597656e+00
-2.623250389099121094e+01 -1.176908397674560547e+01
-1.560174107551574707e+00 4.193622207641601562e+01
-1.634181213378906250e+01 2.033712959289550781e+01
1.994480895996093750e+01 -2.367672729492187500e+01
-2.664130783081054688e+01 -2.102146530151367188e+01
-2.434617042541503906e+01 -1.055996036529541016e+01
-9.754413604736328125e+00 5.077263355255126953e+00
2.539770698547363281e+01 3.422129440307617188e+01
-2.693468093872070312e+00 4.272806930541992188e+01
-1.209237861633300781e+01 3.059452247619628906e+01
1.108533954620361328e+01 4.138088989257812500e+01
2.648772811889648438e+01 -1.025539970397949219e+01
1.534675312042236328e+01 -2.881854820251464844e+01
-3.052161788940429688e+01 8.764528274536132812e+00
1.827350997924804688e+01 3.829533004760742188e+01
-2.300093650817871094e+01 -2.888959121704101562e+01
1.583409786224365234e+01 -2.484490394592285156e+01
7.728588104248046875e+00 3.398377180099487305e+00
-1.137629890441894531e+01 3.088424110412597656e+01
-1.926633834838867188e+01 -3.250070953369140625e+01
2.544261169433593750e+01 -1.437049770355224609e+01
1.206908607482910156e+01 4.216778564453125000e+01
5.580411434173583984e+00 -3.336007308959960938e+01
-2.097843170166015625e+00 4.185840606689453125e+01
1.493356990814208984e+01 -2.888419151306152344e+01
7.264982223510742188e+00 -3.162526702880859375e+01
-2.491323471069335938e+01 7.941830635070800781e+00
1.523038625717163086e+00 4.325059127807617188e+01
1.962741661071777344e+01 3.734152603149414062e+01
-4.744863510131835938e+00 4.008863449096679688e+01
-2.141315650939941406e+01 7.358673572540283203e+00
-1.051812744140625000e+01 3.643476104736328125e+01
1.289556980133056641e+01 4.655183792114257812e+00
-1.147900962829589844e+01 5.721640586853027344e+00
1.530884265899658203e+01 4.635164737701416016e+00
1.307386112213134766e+01 4.061135482788085938e+01
2.227182006835937500e+01 -1.983878707885742188e+01
2.371262550354003906e+01 7.905499339103698730e-01
-1.659717750549316406e+01 -3.399874877929687500e+01
-2.956316566467285156e+01 9.117851257324218750e+00
-2.634555244445800781e+01 -8.678838729858398438e+00
-1.166783452033996582e+00 2.635973930358886719e+00
3.955108404159545898e+00 4.319143676757812500e+01
1.765400695800781250e+01 -2.725259590148925781e+01
-1.669078636169433594e+01 -3.351133346557617188e+01
-2.717670631408691406e+01 -1.690645790100097656e+01
-2.972156333923339844e+01 8.470337867736816406e+00
-3.024423027038574219e+01 9.635911941528320312e+00
-1.253846359252929688e+01 3.139537811279296875e+01
2.747934722900390625e+01 -8.467369079589843750e+00
1.901078343391418457e+00 4.324485015869140625e+01
-2.400833892822265625e+01 8.272102355957031250e+00
9.012612342834472656e+00 4.806601047515869141e+00
-2.685555458068847656e+01 -9.671451568603515625e+00
-2.401559829711914062e+01 7.638183593750000000e+00
2.393339347839355469e+01 -1.956368255615234375e+01
-2.702623558044433594e+01 -2.021485328674316406e+01
2.597326850891113281e+01 -1.010213088989257812e+01
-2.459189742803573608e-01 4.971721172332763672e+00
1.509531974792480469e+00 -3.458079910278320312e+01
-4.849409103393554688e+00 3.451764822006225586e+00
-5.117459893226623535e-01 2.340835332870483398e+00
-2.818193674087524414e+00 -3.564068222045898438e+01
2.227379226684570312e+01 3.710362625122070312e+01
-1.669484710693359375e+01 2.210508155822753906e+01
-1.668118095397949219e+01 2.064144134521484375e+01
-3.523448944091796875e+00 -3.563650131225585938e+01
-2.462301445007324219e+01 -5.048583030700683594e+00
2.539557266235351562e+01 -5.710917472839355469e+00
-8.894918441772460938e+00 5.111703872680664062e+00
-1.718515968322753906e+01 2.215432548522949219e+01
9.062071800231933594e+00 4.238747406005859375e+01
8.723906517028808594e+00 -3.261309051513671875e+01
-3.433651733398437500e+01 9.312574386596679688e+00
1.629840850830078125e+01 -2.505336761474609375e+01
-9.005665779113769531e+00 -3.538523101806640625e+01
1.075272369384765625e+01 2.940142393112182617e+00
1.426217937469482422e+01 4.073348617553710938e+01
4.057214260101318359e+00 2.273062467575073242e+00
1.690190124511718750e+01 3.983243942260742188e+01
7.457303047180175781e+00 5.330998420715332031e+00
2.195771408081054688e+01 -2.047875022888183594e+01
-2.609817123413085938e+01 -2.332380104064941406e+01
-2.851175069808959961e+00 4.961967945098876953e+00
-2.403158569335937500e+01 7.817084789276123047e+00
2.640462684631347656e+01 -3.761652469635009766e+00
-3.200710296630859375e+01 8.786243438720703125e+00
-8.832651138305664062e+00 3.675462341308593750e+01
-2.752707004547119141e-01 4.820524692535400391e+00
-1.252371597290039062e+01 -3.597700500488281250e+01
-1.424381828308105469e+01 -3.496799850463867188e+01
1.321626186370849609e+01 -3.088308906555175781e+01
2.253405761718750000e+01 3.661362075805664062e+01
2.097148895263671875e+01 2.521152973175048828e+00
-1.413583660125732422e+01 -3.448493194580078125e+01
-1.335744285583496094e+01 -3.547967147827148438e+01
1.021562862396240234e+01 4.091742992401123047e+00
2.366667556762695312e+01 -2.059153366088867188e+01
-7.293390750885009766e+00 -3.559127044677734375e+01
2.610821723937988281e+01 3.167962265014648438e+01
2.253405761718750000e+01 3.661362075805664062e+01
-1.170242977142333984e+01 3.298967742919921875e+01
4.079742431640625000e-01 4.269784545898437500e+01
2.179908752441406250e+01 3.650273895263671875e+01
1.125155258178710938e+01 4.238662719726562500e+01
-2.712728881835937500e+01 -1.612961769104003906e+01
1.271464157104492188e+01 5.101291179656982422e+00
-1.849784660339355469e+01 7.312126159667968750e+00
1.108533954620361328e+01 4.138088989257812500e+01
2.381788063049316406e+01 -4.252174794673919678e-01
1.804677963256835938e+01 -2.627335739135742188e+01
-1.088709926605224609e+01 3.259298324584960938e+01
1.225402927398681641e+01 4.228539657592773438e+01
-6.747285366058349609e+00 -3.543977355957031250e+01
-3.051019191741943359e+00 3.460686445236206055e+00
2.658989906311035156e+01 -1.191949272155761719e+01
-2.389052391052246094e+01 -2.833008766174316406e+01
-1.300287914276123047e+01 2.782740211486816406e+01
